-887
136
-139
-961
-213
-778
-720
-719
879
-962
-150
984
618
268
543
652
-303
-514
273
-606
-993
885
-368
-391
-624
-263
234
-370
-907
-449
-949
916
-454
-594
991
-626
330
474
888
20
-713
41
322
-358
375
-848
-111
-249
-874
-55
-397
368
-110
-997
147
374
803
-997
599
299
-387
-652
-940
46
426
-179
-254
588
499
-9
40
-61
-669
313
-405
-984
95
-15
871
362
-943
901
-801
-749
-10
357
203
413
-737
-885
-972
-212
758
37
216
-331
862
96
-515
-61
824
-423
796
471
-90
731
162
694
577
506
839
-503
562
616
-242
363
743
304
553
209
-196
-612
-948
-275
231
831
-327
888
-97
-467
420
19
-173
972
278
-20
-282
-93
738
-583
238
-664
-894
216
624
-532
217
625
-150
713
267
-904
-404
-632
443
-374
178
812
-463
-70
39
755
618
-932
-326
781
-258
-652
744
-488
720
773
147
-358
429
-565
-596
889
786
-925
355
-21
143
-528
-658
-120
280
-222
843
231
-909
-505
935
78
93
-53
964
249
551
-216
247
-709
-632
706
490
157
-142
-772
896
461
787
249
873
-704
527
433
-476
-356
361
-672
-547
827
608
-388
-212
968
-345
-800
-204
567
-69
438
-820
212
-195
970
-621
968
-344
-281
-139
-882
-338
-594
56
-916
-645
643
-11
803
-90
889
750
-393
102
112
806
827
-503
-619
-423
-156
49
153
676
-781
-266
-874
-231
-809
6
-733
402
428
-267
245
-350
-659
825
681
917
-12
-909
404
717
793
-927
-594
-668
-523
-357
587
354
-721
425
-1000
-496
-535
-908
-195
236
-318
866
-992
794
-86
-510
-989
-529
-47
-1000
315
-557
369
-492
-18
115
-489
-483
-993
495
542
78
-787
-483
-878
-244
491
-514
934
-427
-16
-415
-202
359
15
-351
805
200
-573
578
-716
822
-348
-881
47
603
-740
919
730
-517
-33
-524
-608
597
-150
-313
13
290
-357
-508
532
-616
-7
-941
-659
584
0
992
327
611
-512
947
351
-443
-442
201
-200
125
-527
-480
-928
900
257
-321
864
69
-762
267
282
-268
-599
-567
-382
-391
653
664
197
490
-280
-161
-520
-797
637
-439
-689
-626
-402
680
43
-790
665
888
-688
-553
919
679
-271
-908
-81
106
-998
-642
-440
-389
-666
675
793
-221
-366
-798
-430
284
726
761
486
-812
-675
145
321
-9
-685
380
-675
470
-13
-632
-783
-710
655
956
-578
-530
473
-246
174
-842
491
367
576
737
-511
-114
459
-514
-234
446
-358
-36
-189
-161
112
-833
57
-270
-419
-746
610
170
359
348
-587
941
-911
113
-72
-132
-55
-579
-184
-919
841
659
-769
399
934
-302
194
-633
-880
970
538
80
-463
-343
520
-897
-807
74
660
639
-818
359
682
909
-356
536
686
-327
-858
-488
-479
93
-212
-354
-681
-941
-61
-988
-422
-200
-510
619
465
-906
-829
-564
-799
-380
198
-382
-364
117
-601
615
890
692
885
189
-470
102
-823
272
325
-736
-202
414
250
56
-985
546
85
-236
406
-878
963
-679
864
-520
754
627
-590
305
830
551
133
-951
756
-629
-743
762
612
-499
-121
-493
429
-694
525
496
-211
326
160
11
-843
120
621
333
849
-318
-795
805
138
-696
212
602
-964
906
-788
511
-758
266
859
-32
-794
863
-502
-230
-126
-589
-850
469
512
147
103
50
-872
364
115
-167
-920
834
643
-969
-821
-615
999
196
-177
210
90
645
-256
753
-888
-126
-906
223
-582
14
-750
-297
-72
-601
504
259
43
-236
-587
716
402
-742
17
-638
-838
608
-361
-405
-291
-64
-226
-736
-445
-370
-516
-544
752
-602
193
981
-526
-548
126
30
200
-819
-369
506
-573
933
-351
602
255
-560
903
274
-584
804
820
625
-530
424
974
270
419
-563
765
-485
-250
801
185
267
978
467
-529
80
341
462
-137
792
691
437
7
131
261
756
986
321
-358
-941
844
-96
-234
438
4
-527
-581
-568
625
85
300
285
-768
252
119
197
659
-794
-791
-822
269
264
-733
538
23
-431
-456
273
-620
341
332
-699
-584
724
-132
-535
-775
-143
-441
646
-97
377
880
84
-859
-776
-390
279
747
-361
766
207
-174
-640
-252
679
231
-482
730
678
625
181
-617
-363
723
124
-90
38
492
-497
526
-298
83
-939
-888
-135
203
19
-138
-448
-975
89
-834
748
-688
2
520
-918
487
448
-673
-984
402
-55
-692
-794
478
-206
-449
-862
807
425
449
-426
-797
245
315
346
82
-21
920
651
177
-507
216
-869
213
59
89
-140
480
-609
352
-943
-997
-246
910
-916
825
-579
-517
869
364
-386
-588
28
709
-202
-636
-675
-139
-444
-314
122
54
-861
-223
561
-124
-940
536
640
402
-630
967
-434
-182
671
983
-901
-22
-975
567
279
314
-250
320
-368
-864
-1000
465
928
-448
258
-439
42
-941
81
-490
830
-301
341
820
558
-830
-291
545
-945
-503
288
-515
-231
-738
685
713
975
342
387
-131
294
-884
-380
982
924
839
825
-548
-102
-265
-380
803
-619
-587
-885
839
-966
-771
-108
180
784
3
327
825
-681
738
-881
299
-343
-879
831
506
-278
182
-456
928
801
-54
464
-733
-537
76
-766
-779
-286
751
337
-469
-649
-850
596
158
-744
694
811
822
-112
-79
224
-510
-688
-272
-346
-986
176
898
441
-525
-825
110
-587
309
180
536
805
143
506
-383
376
652
-605
756
-456
-738
101
660
-626
-582
-67
199
-417
259
-246
-808
-518
294
-217
368
-921
30
-352
13
138
711
-528
649
132
292
-851
-296
729
668
-235
594
-633
-77
977
-692
359
951
-953
-761
226
108
-342
198
-130
418
-270
-667
-435
-763
-537
-608
-287
-719
-466
810
-971
-329
428
104
-602
-88
-629
822
687
361
736
-262
-745
-784
884
-863
415
-423
620
-816
-557
590
911
-409
856
244
-841
-121
-385
661
-352
190
381
700
925
898
-127
5
-654
404
-693
-983
208
558
496
-441
-671
-438
-343
50
610
267
-884
127
-695
-583
-439
8
791
433
278
-412
-362
627
-336
-496
74
-349
-753
-434
567
-164
334
689
-677
-955
856
-681
990
340
-13
-222
77
-831
-422
-915
607
280
480
725
165
20
605
-215
927
326
-391
-87
-839
671
-214
-128
576
514
-418
-206
809
-29
-693
480
793
-253
435
-640
315
-801
612
239
182
739
-151
-601
408
500
-13
368
461
639
396
-72
605
-926
-937
-81
-140
-343
338
484
-99
949
-760
-542
-780
-1
-559
-901
-259
200
830
-635
-478
533
-846
-835
415
-591
531
482
-715
121
50
-727
386
734
827
-661
441
-709
-970
170
-650
884
495
-948
469
776
661
533
572
-667
348
552
-947
-322
-761
-703
-558
763
279
841
347
303
-439
497
-843
-976
-929
-397
-581
315
-857
-490
245
48
-85
834
462
35
-727
-998
654
-195
-175
-39
52
366
-154
-889
46
363
525
273
-65
-100
-164
-470
928
956
-487
-393
662
693
-670
155
-456
151
776
-649
-94
462
996
-264
136
571
975
327
557
946
-922
683
265
-190
954
-148
168
-677
-54
-277
-698
-411
61
-292
-522
-348
-659
-14
8
-863
86
-475
843
718
-854
-935
338
59
-916
70
821
-276
-667
-783
-745
351
269
-224
-736
997
723
-576
56
441
-899
-1000
-569
-507
539
928
-768
825
683
-177
-971
-799
479
855
650
174
-180
460
940
669
100
62
-352
-317
-512
325
657
-344
-21
-623
858
202
342
342
532
772
141
-253
-490
-441
-846
-757
339
994
152
100
618
-377
474
-445
-255
-894
532
-724
-485
798
-272
426
306
681
-869
-1000
313
711
-305
200
-543
-689
845
-233
-73
769
-560
380
238
-520
233
-550
-273
-598
778
-251
-767
186
251
-764
831
-634
-56
768
-889
-903
959
297
-998
-822
867
777
812
463
788
-767
-363
540
151
-226
-130
-611
497
-414
265
516
-378
238
729
292
222
-655
870
513
-97
705
-695
606
184
219
-450
241
-779
-197
-317
-865
897
-881
-169
-957
-897
-915
758
159
-782
-854
562
922
308
979
-641
477
-762
-338
615
426
708
620
-394
-791
290
292
-103
967
-97
-712
-439
-17
462
-298
-158
461
359
765
342
181
200
508
549
-369
583
-352
692
767
-921
21
759
-202
-303
388
-524
633
-684
155
790
-163
-913
309
-790
144
-176
-5
574
493
-11
-454
571
98
185
53
-517
-349
-310
141
-322
-984
-311
-470
-941
834
-400
-622
-37
256
-985
-910
545
216
755
-433
-747
827
-440
-334
-486
811
356
-295
-576
-225
-46
-849
502
574
141
-722
733
-785
184
428
-215
-424
-649
-99
-684
-175
-837
-770
453
-501
-40
898
73
735
257
555
612
-593
13
294
-27
-847
227
677
-311
369
-310
744
-853
-452
519
441
-859
-686
113
996
368
310
993
984
553
-367
-21
-520
-20
-671
-912
396
-404
137
708
-310
-642
727
-540
-418
921
-386
707
450
-592
-511
455
-927
-48
782
-876
471
910
781
188
473
351
-969
783
120
-959
-771
373
939
638
788
-519
917
529
-815
-695
-207
-994
181
24
-572
-813
411
-919
171
-908
-691
304
-227
939
196
951
-87
-603
664
-1
-35
-178
428
-409
-74
-47
374
-56
-807
66
-574
-453
-601
198
-911
-551
681
388
691
-474
-169
-416
756
418
345
710
998
346
-140
675
799
-76
719
-950
-720
87
605
673
398
75
137
635
-70
992
604
342
608
-551
-916
67
843
847
-631
645
639
-998
861
-420
882
604
-669
805
-933
-189
847
-601
-900
432
-883
679
-501
763
555
52
100
-571
983
71
-96
973
-686
-850
497
599
-627
284
949
432
-973
-444
431
-694
860
-888
400
804
393
799
170
450
233
469
-946
-422
-541
-627
-804
709
3
-294
-252
802
-823
-936
960
819
-265
339
697
140
-911
-550
228
332
-758
-736
-402
6
156
-946
-43
365
-344
-376
-997
524
-448
-161
-169
-435
-507
424
835
763
58
496
-517
-629
-321
983
-345
998
-540
410
243
-169
977
879
607
-200
-53
-469
-490
693
231
688
-764
454
758
-846
-67
55
-902
340
-191
992
-883
333
-998
629
601
621
724
-301
446
192
316
-206
-447
311
197
111
309
660
-646
994
-970
-913
-619
392
-255
210
-405
-936
323
-863
-304
50
473
850
271
-349
-151
-147
734
313
-403
739
654
-415
-118
-859
-838
57
945
-557
-119
-462
844
417
-607
275
295
-351
798
-818
-927
420
144
617
-441
-372
-333
-380
924
-887
-969
-573
267
-76
-943
-680
296
454
166
-227
-334
53
685
-948
-7
175
-926
-121
-331
-423
-96
69
-577
358
762
879
112
223
-904
500
739
98
460
-653
788
883
597
-850
679
4
604
-995
-466
-270
262
943
-799
-897
-294
-612
-222
64
-599
-404
982
-430
307
-160
-775
788
-967
-836
-496
-547
-149
-241
892
-58
-368
-901
-386
51
280
-25
-972
159
-953
626
816
186
727
-645
116
268
799
-399
666
669
515
-664
-355
-918
135
-640
-151
-323
637
18
535
-33
-443
814
273
781
-539
410
328
-580
-599
773
-186
12
-254
-702
-305
-426
411
-488
-307
-561
168
-34
-435
158
-255
-787
-705
-958
911
-262
-711
131
-606
-731
691
-42
589
-994
-569
-136
791
-444
840
-252
-585
320
-941
20
842
-978
-282
-766
-812
282
-136
341
-464
536
472
-974
805
-790
588
903
-555
-265
-424
409
732
-60
980
138
-710
926
-268
519
566
895
-552
374
-340
-275
-270
322
-437
291
56
983
-861
-963
-883
388
311
113
400
331
765
380
-490
-270
-846
-377
324
-980
-541
-752
660
898
764
-323
-796
-824
-391
-566
763
-31
-150
-780
376
-649
-820
-454
665
269
-679
-595
379
347
-69
-710
-543
380
-929
758
-871
582
647
-703
555
-123
974
681
482
353
-336
423
247
56
727
645
942
577
-471
538
67
756
896
-448
-545
280
-951
-422
652
133
889
-466
474
69
-135
-732
964
-197
-879
900
-617
-36
234
978
591
240
26
39
-202
-822
-307
669
-628
708
-779
846
-602
-209
-211
251
752
-890
-810
870
-433
369
-90
236
965
-346
-535
-341
356
520
748
896
768
167
89
-730
-678
-53
-494
-499
285
-813
-422
379
-165
181
699
-114
835
342
-871
262
-539
-350
-670
-572
822
-274
-212
-653
521
-185
583
-902
-715
-671
-499
-933
218
-916
-165
-455
-897
33
214
-964
-689
-338
489
351
-964
755
-557
125
-374
322
773
-52
498
778
69
940
81
-693
301
-947
269
125
440
608
378
551
-898
797
-118
-973
-366
610
-922
-445
472
-313
235
-34
1000
282
-136
893
-796
143
90
-947
-18
-955
-194
-577
791
213
797
-455
-176
-705
460
25
895
625
178
582
-204
-554
-946
922
-877
220
526
-334
172
596
548
-959
-122
-531
912
295
-560
369
795
312
-880
-379
-707
813
56
-729
641
266
48
47
859
-317
387
-808
591
-628
-596
-560
578
465
-544
-908
935
-879
-271
-164
703
753
-617
580
-555
-61
500
335
-168
-708
-995
-134
419
-386
-352
-351
126
585
980
265
80
-678
-276
-214
101
-364
-191
-345
-177
319
604
-899
614
-774
-648
-892
487
387
-946
902
-391
809
716
730
-863
214
167
-591
-93
467
-758
-518
-573
-273
85
-667
548
-262
617
-476
-585
-492
881
-390
552
163
927
57
-905
-814
734
-224
816
508
-124
-280
-935
-66
652
-944
-632
-269
263
226
-254
-66
-120
-616
-151
-920
-3
968
-12
-916
494
-174
83
852
-153
449
218
-958
-604
-229
686
-707
503
-588
-859
262
-348
-299
213
-854
-535
944
-873
80
998
261
-933
-850
-730
557
151
43
107
-404
-459
-788
247
61
998
482
-430
525
205
291
-770
574
-227
-9
390
5
-782
-412
577
101
-17
-801
-173
-942
634
-195
-338
266
268
753
293
-899
653
799
568
-674
108
318
585
108
771
782
886
-904
-830
166
-206
-887
-562
888
415
882
-209
-455
312
869
-193
543
864
783
-999
-476
87
-53
-503
-445
822
879
10
-638
102
160
440
569
-594
-556
207
209
-920
-511
442
-620
-251
835
909
364
-410
-39
-999
590
-772
-346
-802
966
-167
-991
243
-803
-696
-155
645
252
280
763
-678
827
-968
60
-108
-385
-831
457
447
420
-889
-54
116
946
308
878
-695
557
-339
-425
338
-782
150
-550
828
-927
-643
216
44
36
-465
-728
255
112
-700
-889
332
104
-272
-281
-549
385
989
-565
717
-863
515
110
-243
-261
693
475
-679
350
956
-596
15
655
300
152
414
25
-397
752
-928
-324
568
450
498
-957
297
-436
876
949
742
221
-81
92
-400
-726
-4
-432
339
342
483
957
-618
-462
934
-351
-67
237
867
-619
-825
538
538
-556
-347
-218
289
-339
41
-530
-641
521
22
737
214
363
933
-631
-623
-699
-704
-277
145
-989
-451
925
-361
-771
-82
719
-223
84
381
376
828
-739
159
-318
-32
975
-266
-258
311
-605
-630
-99
108
-60
-149
449
-11
-746
-821
864
-823
-408
-823
-565
954
-703
-727
516
-971
-473
-996
-728
-452
102
-273
-517
938
-867
108
-123
-48
-772
604
218
-292
922
585
-150
110
-136
88
-270
756
-925
-248
460
-405
-750
-102
269
-750
487
-870
-78
-398
-599
-908
-362
-872
-840
157
-77
-707
527
-475
-552
286
438
588
-920
824
-641
707
472
-2
-700
-615
92
-679
-193
107
259
-725
-659
-613
-163
-473
352
740
97
573
-806
-864
919
256
297
-757
718
116
-556
-561
892
-427
-680
509
-83
392
-791
472
470
961
302
232
-732
717
932
-808
433
867
-666
-54
-414
-109
-755
859
-139
-109
28
178
425
946
-22
23
-638
20
-276
645
-879
-942
-131
101
117
-732
488
39
171
-325
162
-739
-380
-330
217
-526
939
635
-133
-634
277
579
-489
-959
734
152
-296
-883
313
-792
-767
809
747
-823
-45
-262
-254
816
947
-894
-938
257
-605
432
-762
741
682
-356
223
114
-670
234
916
-842
-976
-822
-709
-482
665
932
651
-567
510
32
324
759
-866
612
-128
353
-86
504
-476
160
781
-372
-589
-834
-173
-107
440
704
839
-410
-686
-26
577
-592
-911
-418
323
821
841
63
-610
-75
298
-767
-127
885
-415
-342
857
-588
-105
-363
832
198
870
-190
-472
736
-355
-7
-670
648
-21
744
963
145
-150
-680
383
997
-303
-613
435
-370
-617
433
642
982
-224
-599
-994
-106
-488
525
-552
-548
417
-814
36
-817
-416
90
114
-526
-960
543
300
369
909
-163
-97
346
601
-465
-353
570
-263
66
739
-87
-718
-750
928
-297
-797
-469
-776
-124
915
978
783
146
103
-292
-244
-779
413
-390
866
-569
-610
-254
-70
976
-329
142
761
-217
-441
772
-261
-53
673
50
869
-536
-372
-389
982
-303
-173
-224
-455
-535
238
-768
-555
-407
-186
-325
128
-123
849
-62
-572
174
392
-389
-210
389
595
45
-121
-989
402
-873
275
667
-379
258
-799
439
982
371
126
363
-593
606
-32
189
-367
-101
294
-707
327
-585
446
-658
293
477
117
532
-991
-304
204
-186
-931
537
742
-166
892
917
-427
-526
-699
928
-429
731
468
243
680
779
549
-969
793
-732
-516
998
507
-313
-674
-615
925
220
-387
180
-136
-198
-588
-553
111
425
589
-880
-867
823
-15
267
-666
225
-105
-647
-349
-127
-876
-317
-168
-687
-504
-182
742
-425
-183
-925
665
911
190
-112
26
-673
-461
-1000
18
156
551
-676
-915
232
-606
192
-150
344
-861
-513
926
568
-231
-979
814
-924
-698
-270
593
514
264
552
731
502
983
-143
682
-745
866
352
157
-188
628
-157
743
157
-825
-301
-768
-206
-933
459
200
42
-446
137
984
222
-984
903
-361
-65
-30
243
990
-428
884
-494
0
720
840
-75
369
-332
-746
-611
-374
-267
-503
209
373
805
41
558
-910
33
364
907
210
-858
-220
752
428
-84
-664
825
-179
569
46
-596
-226
-668
-142
951
-664
799
-222
-165
-942
28
525
-413
-651
993
13
978
389
-876
-234
-2
-380
506
-916
-926
-351
-59
330
-430
-727
-453
292
-61
-876
30
37
-449
-853
915
-66
-336
390
-1
104
626
825
901
605
-748
-289
-993
839
-913
901
160
908
-46
-266
-564
-991
365
-962
-87
42
302
-158
368
-438
262
459
-426
-519
-391
735
-970
671
496
545
-527
920
-178
855
-793
-979
834
268
-290
-464
-718
-978
-604
242
-882
-773
-524
449
-633
162
-213
75
-725
602
821
-385
-42
-222
-349
275
-625
-28
-842
342
-104
-268
548
738
157
674
125
661
986
343
429
-692
-436
632
957
-627
-488
-840
-800
369
26
24
515
822
-359
713
-394
-113
-336
-670
-422
-288
814
116
-250
931
44
-865
47
533
-880
35
146
645
-455
422
1
-817
900
-87
32
750
-590
363
-915
-850
813
297
706
196
661
605
-483
180
27
458
-529
257
853
751
296
-629
694
304
-523
210
-908
797
-545
-275
664
-199
471
-76
851
210
-762
-215
-487
433
898
264
316
-686
-820
333
986
407
82
-136
167
204
313
219
-407
105
-873
-598
-50
756
361
636
-543
77
54
-374
-640
-427
-367
328
-205
362
-915
908
831
405
497
855
-939
-954
-267
839
-698
-627
-975
-219
-497
707
-774
-348
-859
-536
623
558
-605
-139
670
201
-40
-387
-955
418
-233
803
763
-248
655
-297
-865
-828
-697
-751
374
-605
-766
93
-353
-722
-254
-581
648
-529
397
-371
931
186
136
-665
320
143
-90
-322
80
-624
-385
284
652
632
934
99
-797
463
-819
-924
-136
-621
-972
29
-2
-914
906
-141
261
-211
-477
-851
946
-473
6
699
-812
253
412
-508
578
519
613
433
467
-627
225
292
-985
96
-361
926
999
-792
-864
-817
999
-348
266
730
598
-429
-283
360
791
-827
-762
-910
348
-102
775
608
-80
699
-681
167
-149
-769
-905
45
365
-315
752
721
619
869
-939
980
-65
273
-118
-95
-747
-763
-783
-448
173
509
-245
-54
248
562
-465
919
-543
-11
-648
786
165
285
468
614
428
-121
-519
133
-324
-831
-415
729
-616
861
-813
-3
413
803
-108
-141
896
-652
-779
864
485
70
376
857
-613
923
-816
163
89
-919
529
571
828
464
143
863
-880
-673
-285
-981
-252
-749
151
610
-280
926
443
41
610
-467
535
419
-6
311
-443
-568
-400
-447
133
-473
-341
-583
831
-744
965
-508
-480
283
-126
-395
581
884
718
-489
-927
492
832
-36
-245
-220
804
-58
-115
835
540
486
952
-895
542
-918
880
-164
721
106
67
-380
-118
-531
-401
888
355
-497
577
858
700
-553
342
-576
76
96
549
524
886
-716
-56
358
783
-952
593
-953
704
684
918
-447
865
-780
-68
180
591
-168
-897
134
-57
421
-661
-433
-732
-657
584
-731
484
-140
-891
403
-794
-272
-850
359
-966
556
889
-363
84
-822
260
173
728
53
-882
431
-708
681
343
660
213
-898
182
998
-523
-120
-692
475
454
500
-477
-664
134
-85
-507
-116
477
918
-934
377
593
866
402
958
-386
-258
-197
229
-117
543
-655
-398
698
-739
-422
664
924
624
73
544
-869
715
-915
96
-156
295
270
-104
-240
790
-862
-688
-654
-819
579
348
98
160
-314
930
-850
-984
-165
-393
-164
556
-10
-752
761
480
-716
-908
-343
-807
802
307
-216
904
-373
167
-342
-434
147
348
-993
598
512
-582
-240
803
-101
247
-715
875
70
-678
-169
337
-416
313
892
689
-240
-766
-119
-398
-554
865
-20
-571
907
-362
-157
20
476
-859
822
285
-897
-747
-457
-712
-934
124
-750
12
564
-747
433
-451
671
-886
-113
-739
-300
294
950
961
25
-256
805
445
-860
-469
558
701
-274
-904
-454
973
-915
-959
720
-123
950
658
-655
-412
111
-62
-115
620
53
288
-583
462
-427
2
336
945
198
-941
-937
-521
-687
-734
356
629
937
-879
705
-153
227
-926
-780
-741
656
-330
-886
855
-664
-625
-863
932
-473
377
501
-673
523
-899
914
-402
-520
954
482
44
506
-546
341
-608
355
234
-967
382
967
-534
-937
-924
-428
645
329
-275
-381
-441
837
857
993
961
-790
83
739
712
55
-979
927
-580
160
-966
-151
-361
842
261
-880
221
105
169
216
924
-461
-790
943
619
682
-725
-192
-900
806
-24
-540
207
-473
129
-654
590
366
638
505
-426
-953
889
147
920
220
-932
-492
517
752
737
440
837
-288
246
985
-757
-109
869
-706
815
832
451
805
453
-762
385
472
532
-362
476
-37
724
-682
751
-759
632
-18
-783
390
-113
-644
-381
-864
-420
845
608
-964
-622
499
152
514
-472
975
-627
-207
292
941
-998
608
198
-600
-706
-40
-805
-846
-653
-138
761
-188
539
-944
-549
-149
81
-493
162
-911
802
895
-106
241
642
269
-449
-203
-653
483
976
-889
-79
24
733
873
247
547
407
834
-953
821
83
667
703
-30
917
287
520
755
746
-484
807
695
866
-67
865
619
-169
-121
484
576
585
-211
949
420
-367
-233
225
-282
-459
-605
-359
938
-161
-757
384
888
-362
125
198
-172
835
881
591
565
-678
-702
812
212
550
-522
734
-707
-481
-809
-553
-464
690
-874
-220
22
-861
535
901
223
-806
758
-766
-12
-22
904
14
-930
770
-639
926
197
826
948
390
274
-160
-728
419
-694
-493
947
-95
508
397
-689
407
633
-969
30
-736
-272
654
775
423
682
-242
505
479
-698
-414
-198
582
58
-462
105
-513
864
-853
-65
385
-852
-729
916
71
-259
676
198
823
-943
-581
951
934
163
-854
169
-237
-581
-786
-473
527
-127
798
664
470
825
-835
-81
-484
137
798
670
-13
618
-382
-568
-661
15
753
-923
-570
-487
-979
-198
842
-563
-339
-848
563
428
-991
-523
345
-364
715
-987
-684
-452
129
-915
528
826
494
234
476
886
-100
55
842
-155
429
375
421
-566
-311
-390
924
235
-135
535
441
-866
808
685
613
-902
649
-540
-178
-758
25
-60
-100
266
-370
-56
-94
991
684
131
195
-746
-141
-578
-597
-518
-815
944
-102
-795
4
520
703
-416
-503
207
671
700
979
-499
211
969
553
200
-120
-326
26
169
599
838
-535
-659
389
-416
278
-169
64
-164
-643
576
-91
921
515
-373
948
-257
905
-217
-827
-543
-864
254
-484
7
-38
-796
256
-428
-214
-523
-674
-338
308
-917
-668
-552
-428
861
726
-542
608
585
-106
-285
831
-44
-969
719
-641
325
798
-66
466
630
712
-761
-321
509
-943
168
965
-530
-96
364
653
639
-913
572
705
-329
602
-106
-608
765
80
84
-202
990
197
-494
0
-963
530
550
-37
194
177
-411
-806
-643
-972
-851
-462
-282
-845
-465
-374
431
185
-882
636
216
-417
-252
-36
-746
-345
-406
134
-337
489
589
664
337
-14
914
-710
-458
-474
802
819
732
227
134
-962
131
95
-73
940
-629
-985
449
138
-738
-995
-78
654
-779
394
-792
400
876
765
77
940
-127
-512
-192
-180
275
-428
-708
743
368
737
-14
-546
571
-906
92
200
-981
-758
510
-327
29
-143
-919
-577
186
465
589
-227
459
551
-996
-156
-724
898
-784
478
641
107
596
88
615
-348
502
-91
807
134
948
-521
-329
57
-270
310
-28
-498
-222
-705
-747
-916
-669
261
-437
-72
-24
583
-433
-12
607
-1000
-888
33
154
-160
558
-931
-633
-987
-724
200
511
-358
939
-693
633
-436
764
209
365
-433
-674
-884
586
109
175
395
-656
259
-352
536
26
41
542
-345
663
918
434
165
433
926
453
825
-870
-693
-551
-617
391
-314
297
-843
240
458
244
845
649
634
-739
-178
445
-897
194
860
416
-947
388
-91
-308
976
693
-84
-541
-515
-363
-611
-808
-839
-19
906
823
-729
386
-352
968
-740
920
70
833
-720
-961
-802
-257
-491
87
-939
995
240
846
709
790
-163
-62
219
-595
-373
-525
817
682
575
924
540
-463
-869
-327
-747
-792
-987
727
-554
982
-986
-245
-756
-873
-813
980
-954
-950
256
449
-236
-983
-48
-526
559
-275
942
-517
459
-19
-651
392
692
169
-371
-316
167
900
584
581
803
-854
-341
740
705
-972
613
-964
659
679
921
50
-300
-902
-99
380
719
-672
-481
121
408
-948
-774
345
186
-777
-157
283
443
954
-779
-537
-316
-39
311
530
-754
760
-268
219
206
379
-570
-74
-822
-346
461
-318
-668
-111
-435
-933
274
-769
982
-669
958
889
-251
-988
-775
508
668
-371
-972
-977
-718
-741
313
-833
375
-53
563
-979
-639
-902
387
-748
787
-83
798
105
676
61
-703
-78
343
-654
77
-40
250
-464
402
866
112
-571
-876
47
137
-839
-133
-857
-122
796
-44
388
-827
349
44
448
892
485
775
-958
-743
-9
529
39
-894
-41
-116
-27
