5201
-4300
127
-4931
-6916
9674
9182
-8974
3820
-5943
7953
5315
1699
-4773
8796
-8702
3620
3320
4920
8333
359
3954
6189
-6759
-3703
-5314
1798
-8194
9445
408
-6434
7944
5170
-9499
3403
5733
-7866
8778
9952
-2197
8379
9674
-5254
7600
-5239
-200
7901
-3099
5635
-6168
-31
3455
9195
-2097
-4693
1475
-9459
8723
-4924
6645
-4279
-7041
-1801
-2268
251
-6100
-5906
6334
-125
4074
1525
-8069
3882
-974
-3767
7071
-5626
9436
9947
2730
-8215
5852
-4568
2315
-9440
-5370
3123
-7386
-5048
-1836
-1060
9696
6164
-2837
-5965
9242
8354
233
4901
8041
-1716
3672
-3541
3999
-7317
4392
5899
2939
1628
-77
-3543
-312
8688
3494
-6598
1258
5219
-7786
9786
-2557
-730
-4080
964
-33
-6145
1400
-9383
-8899
-9566
-4685
-5804
-2058
-3840
6738
9606
348
8751
8022
9431
-1052
9306
-4351
-8434
-7209
-3187
1948
9449
-3367
425
-5604
-1492
-1336
11
7137
-9362
5086
-1005
-5123
925
-2456
-762
3809
-2621
9214
8191
-9749
8481
9769
-5854
-9936
-250
3845
3652
4754
-3977
4709
-381
4741
-2231
3233
-5544
-6069
663
-8030
-3371
9454
4480
-5793
-5184
-3506
6690
5018
-5318
3625
-8545
5777
8622
2328
504
-3421
7953
6522
-4640
-3656
-663
-8740
359
1400
0
-4058
6163
8895
743
-26
4492
3973
7966
5484
9873
-179
4766
9889
8358
7135
5116
-2421
-6168
-9406
2171
-8442
7398
4103
-2585
6745
-4713
-2233
-3651
9802
-6127
-3323
-4680
3438
-7603
4100
-2351
4878
4393
-1067
-332
-586
-7584
1233
-6029
8141
-338
-1254
9161
542
5234
-2950
691
-5893
2817
-9743
9421
-1726
2634
5460
-5873
-3775
-3937
4860
-5760
3689
-110
2069
-6640
3525
5358
-9283
-5737
-4298
-7430
3740
-4531
9332
9780
-6276
2903
-4714
6568
-6020
-8528
-8478
-4343
4007
-7927
6072
7773
-4428
2552
-1022
-2155
-7972
-1397
-6157
6949
-5691
-162
4449
3567
-6997
5291
1272
-3065
6190
4472
-8704
-4955
-9102
-1195
-3596
-1229
-1717
6852
-5950
-4982
3212
-6945
8268
-4814
-2521
7809
7651
-1127
-4725
-5357
8215
-9534
-3400
-2108
1944
7219
91
4600
-5167
2455
-1193
202
-6523
9778
9166
1615
-7538
1891
8738
-7897
4493
9264
-6756
6916
4407
7335
5359
-1108
57
-8565
5772
8558
-8028
5658
7530
-5517
-808
1244
-1516
-4747
-7709
3543
6828
-6294
-5068
8851
8023
-9448
7302
988
3863
-1002
-6772
-5673
90
-4135
-2686
9251
269
-6557
3219
-3162
-3287
-1222
-9166
5897
-2532
-3750
1555
-7547
3451
1013
-8734
6700
731
-9403
-1838
4064
-1557
1375
3728
8276
248
-6584
-2931
-8866
-3179
-9211
5127
-4889
-2348
8422
2692
-4641
-6230
-9838
-9376
6686
-3708
-2764
-3108
8311
8286
8632
-3871
5547
-2949
3716
-3718
-5339
-9362
231
-3884
-6134
-9987
-5406
9543
-6118
5568
2292
-8050
-7595
-4374
8165
-8945
-6807
-8516
-4370
7257
2335
-623
-6342
-268
5935
7828
6001
1726
-9095
8871
1298
6798
7550
-3512
-417
4736
-6192
3841
-7864
9085
852
535
1482
2489
3293
6455
-2955
5186
-4594
7784
9797
7975
-3475
-8535
8458
-1967
2656
9432
1972
-8830
-8982
-9270
9852
1819
1425
9329
-4036
9657
2192
-1634
-1395
-5142
-6941
7596
7803
3946
-7681
-743
-4906
9456
5336
2441
9105
9376
-7620
9415
606
4862
3909
8790
138
-1314
-4544
3959
5704
2596
-1849
2658
3863
6555
5383
5528
9018
-1833
6353
-5804
6925
7127
650
4197
1132
6161
-4360
3278
-8773
-3523
654
48
-6166
9924
8325
-5181
2908
2835
54
-6624
4269
-2197
-1409
-8188
-599
8541
5331
6884
5546
-5204
8349
-8851
-5040
-4748
8982
-7890
-7135
4556
1079
-7712
1777
3538
6498
5452
2413
4590
-9118
-1655
-9735
-4064
-4101
9449
9437
1049
7993
7940
-4477
-98
-5765
-8978
-3609
-4463
2131
2865
-1844
3507
-2667
-2772
-6310
3529
3981
7192
-8318
-9878
9119
6520
5881
7234
-9136
-2458
-3951
8480
-8409
2971
1071
4118
1392
4312
2178
3918
-5508
-4135
-9137
-1807
5867
-374
7924
9422
-5207
-1387
-9852
-376
-6821
2807
90
6777
7007
-810
-3022
-2176
4947
7370
4279
2137
5524
-5742
-8760
4458
8115
-8999
3984
-1602
9235
-451
-5415
9050
1595
-1021
3857
5294
-8316
-3763
-8726
-1635
5724
1166
869
1754
-7819
-5177
424
185
9709
-921
-7792
-9546
4945
4761
2765
-7122
8104
1898
-5239
-2093
8169
-1373
7478
-3841
643
-5934
7997
-5170
-5267
9861
7361
-9390
66
2044
-536
5419
877
6424
7286
8624
8154
-897
4842
954
-5709
-8802
-20
3567
7620
3042
-9987
3504
-194
-4329
2212
9802
6177
6265
-9800
8611
-9448
4627
-9505
3168
1218
4896
1141
4734
2558
6535
1450
-3716
9130
667
8068
-2363
-2207
-8518
-2387
-7016
6966
6766
399
-7725
5807
-9774
5564
3168
5247
-3599
2163
3004
-6057
7063
2229
936
-2719
3611
4983
5384
8068
-5348
-8498
6218
-9365
-4955
-1753
-2661
3718
7948
-1846
-8144
-3703
-6233
9366
775
-8983
7747
3313
-41
3032
-9763
6238
8486
9070
7982
1299
-9054
7834
7372
3723
2982
-2408
9940
-9514
-3564
-5787
-9134
623
2550
-2422
3168
9037
5840
2460
2190
1467
-2866
-5163
-2424
-2884
9871
4494
-9485
1506
-9747
-5288
-3313
5084
-7097
9562
-8879
-7033
-8589
-449
-7174
6161
5566
-8973
-8278
-2769
6887
-2439
-3716
4767
-1381
-6316
4355
7313
4554
7619
3059
7424
947
2848
-7701
-704
-9068
-5379
9226
9838
-231
5121
4750
-7411
5469
-1818
9425
-7609
5114
-6850
9741
8208
-187
-6408
8613
-3015
-439
-121
2411
5526
-7570
3503
145
-2016
-4829
1046
6528
-8424
2783
246
-1881
-2835
4868
1456
4711
-6201
-2849
-841
-4342
9893
-1955
-4402
9150
2744
-109
-2584
-1112
-2735
4427
-953
-4326
-6787
-4262
8835
-4551
-1388
6145
-5014
-2318
-4958
1073
-466
563
-638
-2422
95
-4770
1661
-2086
-4463
-1123
4521
-1723
-8184
-7870
912
-2142
-1719
3556
-8955
-8093
7793
-595
-4347
-3325
-804
-8723
5168
2927
-6219
-3731
-9761
-1456
-5231
8272
7004
-7856
-4873
2050
-3312
9194
-6996
9757
2960
-2716
7166
5447
-1554
8305
6734
-2066
-6946
7486
3101
5846
-2235
9636
-117
1179
-7227
1845
3630
-2294
2661
-8524
5087
-7163
-8514
698
-8939
-9543
-4369
6547
3526
2750
-5593
-4533
3387
-8669
-9177
2553
7533
9567
-1531
-9694
8198
4348
-7893
2207
8516
2711
8910
876
-6026
1161
2392
-4352
2105
-7444
-7144
-2962
-7891
-2013
-7393
518
9642
-6930
2991
-9929
-313
8576
-2787
3975
8390
8219
-376
-7791
9896
3365
-4213
-4152
5922
-4452
75
3525
-4100
8023
-603
171
1604
-6436
-8618
-5650
7031
6284
-5581
7964
1281
-9689
-3022
-607
9394
-5658
-8546
1911
7121
5918
945
-2372
-4974
-3365
-2461
2539
-3635
-6406
-2264
4386
-8268
5192
8501
8578
-2679
619
1196
-4601
1106
8123
-4040
-6481
-2801
-9795
-4770
-6
6583
-3568
5001
-2120
1014
773
761
-8679
-8222
-4140
2824
-6105
7138
-40
-4388
-549
9961
5202
-7492
-2244
-6716
-8438
438
-7404
-8557
-1210
9153
-6226
-9126
2862
-6493
1059
-1139
-1520
-9527
-4259
-594
6266
-13
8411
9836
-5258
8308
-7251
-2462
4077
4509
3298
-2416
2490
3489
-4553
-8224
625
-2140
-6512
-1740
-3370
8467
-8790
726
-9878
477
-670
1744
-9592
-3029
-630
1846
-4959
-7286
4938
9582
4685
314
1972
-5529
8298
5722
-4857
-2695
68
4564
4962
-9141
3059
-8022
7504
-3126
-1837
-4793
-6607
3536
-1532
4521
6537
-3705
-9531
-2343
3394
3564
-3352
6442
5616
-7087
-3302
6759
1129
-6625
9954
-3330
-275
9038
4016
364
1751
-3501
7409
-1231
6167
9430
504
-548
2767
-1739
2192
-1751
9103
2724
-545
8494
8672
640
3335
-7071
1624
389
1327
4846
5972
-7233
7644
1540
8708
6351
-3607
-1135
-9504
-5133
-6748
-5894
6222
-6358
-6832
9133
2102
-2240
-9752
3198
-6222
2845
7704
-9269
-6199
4723
2636
-4761
-3968
-596
6586
609
-5449
-5625
1796
8391
-2781
8513
-3251
-9785
-3846
6632
-4616
429
-7101
4324
-304
-3236
-2936
7507
-1182
490
1266
-4382
-8118
-2085
447
-2976
-3382
-1886
-3893
-7796
-8642
6443
-7403
157
55
7681
-5560
8392
-7802
3554
-3977
-7161
-818
9028
4200
-381
773
-9992
4882
5983
-9482
45
-2232
-1355
-5034
4892
5081
2006
-7520
5210
6929
-5041
-9442
-1253
8614
-615
391
-3893
-3099
-4832
-4337
-6724
9987
-9485
-5675
2878
-9558
-1099
-8835
-2915
5273
539
-1110
5557
-7912
-8974
-831
-821
-3238
-4195
3758
7501
-2601
-4457
-1224
8019
9739
5210
-5813
-2068
-5024
1125
4993
9349
-1805
6630
9069
6186
234
6572
129
-6400
-7785
9930
-3543
7508
9902
3674
-6808
-1992
1102
-9893
-5246
-8816
9208
-5413
4232
-7389
-7951
-2385
-4615
-407
9706
-1043
8898
-1837
-3870
2778
6620
5915
-5623
-2518
9853
7961
3534
6019
-4229
2321
-3886
-4111
-6714
9330
8913
-6370
-2224
-7555
-7134
-8291
-3847
-5058
2022
-3299
-2896
4310
7117
-8592
-6959
4407
8679
-1913
3690
9698
-8094
371
-1335
7790
-5937
-7665
-8356
-4968
-6419
421
-9723
-1386
6290
-3153
5608
-6979
-7224
-6740
-5437
-4407
5538
-10000
1329
-4544
-735
1875
7532
5899
-3843
1142
9248
-561
-6323
-1103
-2012
-4585
-2791
-6124
9989
-5798
-7087
4766
-8846
2844
776
9221
-1894
-9223
2063
2168
-4396
9669
-5877
8975
5394
1150
-8624
6586
-1350
2433
-6396
-4404
7016
-3644
7357
-4551
4708
-8128
2900
-8991
728
-6348
6448
9437
5124
-5472
-7483
-356
9563
-5116
-9044
-6318
435
9781
3644
-4188
-4002
4893
8320
6703
-2314
9923
13
1329
6157
8853
9530
-1327
3102
1585
9486
1462
3683
7445
-2247
-4168
54
-1418
-9730
-1042
1631
-9370
4062
5933
-2955
289
696
8726
6603
7101
-9612
-8455
5596
-3116
2237
2453
1858
-5017
-5129
1146
-9200
9975
-7854
87
1688
5195
-7576
-4413
-342
8484
-749
6650
-804
-378
-3873
561
-3446
4675
-1622
-6397
2903
822
-3012
4277
1235
4396
942
8280
-8123
1543
-7845
204
4970
2681
-1548
2220
9732
6136
-294
-331
-9870
-9325
-7979
-6711
-4948
4643
-9110
864
8186
830
1742
-4415
6287
1053
-4358
4558
7687
4059
9718
-9673
-2631
1901
7537
-4562
-3697
3455
3419
-5977
-735
7111
-1147
-3816
514
-3820
7589
-8331
-3384
-6679
-9877
-7377
-3541
5849
5162
-2326
-2255
8721
-6216
-340
8290
-1851
-9473
-6279
6979
2120
3073
8240
6944
-8560
2502
2516
-612
166
-8604
-6750
5813
328
4743
3343
3292
-7811
2869
-9928
5605
-1355
-4317
-2820
3642
-8771
9936
2991
-3242
-9874
5329
4170
5560
5970
-7130
2690
-1298
-8661
3203
-4523
-6341
7642
-3331
-3870
-3962
-1356
-7715
-6956
2597
5316
-3329
-323
-8415
7264
3359
9729
-2210
9585
4210
2387
-1905
-9088
-7679
-306
9257
-2560
-7377
4298
2317
2051
7669
-9908
-7281
5604
-9126
6310
-6526
1990
4869
4375
-63
-3240
167
2508
3893
6893
-9306
-3390
3541
7491
-7032
4177
4924
-4756
206
-3304
-3486
4627
-8546
-2763
8586
4642
-577
7836
-143
-6661
7597
8955
-4381
3946
7438
-9582
4858
-4251
5286
1607
2734
6105
-3399
9873
-6874
1700
4134
1881
5007
6460
-6710
7228
4997
-2067
3035
-3678
-581
-6689
2289
1617
-7010
-1646
-8388
4650
6695
-7975
8672
4699
6874
-9547
9966
2092
6895
4584
9324
-8340
-8333
2159
2034
-7884
6701
-2586
9261
-72
8523
-7990
1872
-7229
5289
5032
-1366
9660
2535
4485
7635
-2476
8196
7958
6751
2680
7666
5775
-7009
880
-128
603
4531
3312
-4715
-3506
3839
3262
-7572
5256
-7950
-7100
-2759
-6284
7453
2528
8151
3868
-5644
4183
-5699
-8389
-8144
-7327
553
1268
3881
-7910
9780
3598
447
7479
-2674
8859
-9737
-4379
-8057
9783
-304
-1221
3690
-6676
1110
7161
-5850
7942
-3340
-5279
-5436
787
-9775
-394
2219
7740
-8146
8156
8112
294
-3137
-9912
-1512
-7726
3428
4371
-7002
-1361
-1039
-1846
7155
8157
4756
4153
-2199
-1837
-5692
9502
-7384
-4443
-4357
-1364
-5329
2254
-2057
-5930
-5046
-9643
-4470
-4723
5815
-1403
-4418
9177
2392
-1640
-5333
-4214
5015
-5955
-3685
-1287
-7910
2814
-4826
-4777
-4328
-6027
-8445
-2827
3559
-2068
-4580
3824
4271
7025
4579
-5481
-8231
-764
-9045
3142
-8682
-2181
4317
-270
-7218
731
-9042
6963
4345
-8461
-3617
-6039
-437
7932
-5250
2037
-914
-986
5519
-9310
3766
-1553
-898
-6392
2537
-6617
-8953
-3428
-1627
3070
1231
-893
-8259
9616
9746
1575
-163
-2410
1731
6884
3224
-9008
-4260
-9868
-2195
8944
1309
6711
-9774
8243
1012
7534
9935
1697
5777
-3388
-9359
5741
2599
2677
-9343
-9696
-2065
-3957
-4407
7115
-1618
2524
7836
4044
-3667
7845
-1532
-4021
3899
6007
8909
8035
8297
603
141
1680
-7212
5703
2921
4336
-1193
9146
-1337
6763
-7798
6490
-2388
-3862
-3830
-1589
6476
-8181
9055
166
-684
3204
6076
1172
3018
-953
8325
2156
7491
6334
8868
-9451
-5002
7248
-9016
2758
2830
-1715
-9255
6896
-567
-4226
-3138
7939
7782
-7242
-9899
-1776
-3827
-2679
-8154
7065
-4386
-7927
-5142
9769
-2300
9638
1567
-8220
-2598
3173
4243
9801
931
-293
7248
487
-1445
-4534
6073
6370
-478
-7457
-7177
4707
-1117
1142
-4957
-9857
3670
1571
-6438
7353
5534
-4965
7128
413
2489
-8461
-4379
8046
-9087
4815
6270
-1075
-2710
-4274
-5725
5208
6786
-8043
4361
1118
3289
-9493
8903
1554
8422
7828
-1076
7942
-6170
7251
5045
-2628
8926
-6672
7569
-8672
-9879
-1479
-2871
-8603
3435
-5194
-5157
7209
8241
-923
-5401
-6067
-9624
-7841
8414
2807
6390
-4123
-7905
-7653
2718
7193
5554
-1469
1073
-5940
2473
4274
4436
6752
7611
5877
-3862
3707
-5551
-7394
9402
-1461
-996
9323
8292
1950
3211
1491
9372
7703
6624
-7967
-2801
2143
-7715
2648
3617
-7319
-9401
3986
536
6991
-9363
5463
-3282
-7017
1111
-5390
5224
5416
6955
-4059
-1081
-6419
-3827
-4523
-155
-4846
-2829
9229
-5813
-1979
-7119
-3768
2216
6687
-6059
5319
-543
1098
46
8602
-9274
-6988
-5029
-1659
-2755
-1557
-8125
-3398
-7897
9606
-8338
2014
8198
-5111
-5360
-7461
-6791
3864
3519
-480
-1613
-6677
-7362
8932
-2824
-1922
-8256
-4384
-9244
-3056
6174
177
8412
6200
-7589
1024
-4870
-1776
6282
-7549
-7035
1343
-967
4681
6241
-6960
-2471
9446
-1852
-4654
4091
-4725
-1161
7625
3941
-3554
2622
4985
4042
8
9938
-7907
4983
4637
-2865
-7497
-9292
6593
5170
-2430
-9142
-6486
-5534
-19
-7676
-850
-2581
-7459
7675
8868
-5195
-1326
-4178
3964
3631
2873
1979
1215
7864
6268
-1278
5326
3099
6880
-8699
-491
2757
-423
7081
6206
-4075
-8203
5423
417
-5679
9935
1662
-4195
5295
1051
4907
9370
7067
-339
-8290
1161
-1296
-2624
7254
2088
-3035
-8662
8454
-1694
9499
3190
147
-9097
1764
-2761
-3878
6884
2037
-1930
-7087
-3637
-6437
-2230
-261
433
-7880
4400
3696
-5198
-4011
-195
-344
6120
-2781
-6832
-7714
-366
-1837
7143
7579
-9334
1481
-3862
-7434
-2825
2515
4873
7248
-6318
-863
-9481
-7617
6263
-2401
-5617
-2939
-7718
3952
5813
5084
9068
1259
1038
2609
7998
-9713
-130
3221
-4522
9793
-9602
6561
-1577
-98
6760
2650
-6052
2676
-3179
181
7981
-1571
7274
575
-3325
-3501
8415
-8321
-6500
-894
6054
7185
7294
-4740
-6413
7935
-8004
2500
3241
9823
5338
-4211
2615
-7594
-5001
926
5310
7740
6090
8841
6899
-5791
-8662
1475
2672
8740
-7647
9343
9627
-7592
-1971
5437
-8192
-1898
-7972
6554
-3789
8185
7131
4167
5853
-4211
-2038
1379
8468
-6261
9489
9786
-2123
-6691
-7494
-6603
-2995
9355
5109
5672
-6759
6910
-4735
7982
8730
-2349
-4646
-6584
-5774
-2829
-698
6882
4561
9766
-5332
-5759
-1441
-2495
2358
-30
3349
3457
1683
-4642
9192
-6318
2261
8237
-8260
-5108
3305
360
-9676
1152
4077
3933
-3009
1212
-4954
-7185
-5410
-9916
5588
5526
4608
-2351
9196
496
-1926
-9198
4818
2081
-6316
5691
8691
-9792
-8991
-1224
7187
-7599
-7612
-3061
3337
-1636
5435
8828
-3925
-7850
-3561
-1398
8784
6426
-1059
7493
427
5639
-5047
-3696
-4263
4433
-7286
8270
1411
-8516
2477
-1453
3604
-2049
-5633
-1729
86
-1670
3903
-3093
2635
5271
-1923
-1087
-9849
-8753
3549
4588
3074
-528
4792
5651
7645
-3387
9459
5637
138
-9320
9832
-8777
-3332
-7408
8697
-5584
8344
-2006
-9489
8264
97
7485
-1899
8529
5247
-8464
-3098
-7369
-1260
-4177
-402
-2478
2406
-3149
9333
3795
-3449
-9092
-644
465
-6819
3982
-32
-3199
-8194
4004
-8335
-2074
-9258
5375
255
9884
5413
5999
4606
1321
-7593
5218
-5012
2880
5012
-9467
3209
8456
-2187
7646
-5235
7983
2325
9341
-3721
1006
718
7235
-266
6169
-8430
8789
7576
4431
-6891
7103
3513
604
-1069
1805
-8826
-6677
7995
-8519
9913
4967
4416
-2985
-6636
-3982
-3161
-9940
-265
6501
-6188
-7522
-2453
-6816
-5522
9865
4549
7871
1517
2589
-2325
2109
4852
-2331
-2760
-555
4143
2999
6963
-5008
-4066
-4341
-3401
-5671
1895
2894
-3428
-1351
8015
9340
-4344
-4665
6061
-937
-8663
-1980
9276
795
2985
6318
-7588
-7946
7630
4473
8624
6801
-4567
1800
9316
-8301
7001
-3487
5220
9954
-7698
6055
-2449
7501
9368
-8485
3161
1478
7664
-7884
-6859
5608
8981
-5555
1053
4402
4001
-5172
-5722
6900
-334
2166
-8279
-6423
4475
-6600
4608
7702
-7045
607
870
-8106
9548
-9987
3005
7995
2617
7671
-3237
-3377
-3621
-6162
-5906
7855
-6877
7941
-9603
-1848
-8914
6027
-9366
-3974
-6607
-2789
4048
-8102
3649
3123
1526
-5447
-9341
-5501
9601
-9531
1992
355
-9752
6553
6724
-2088
1935
7815
-1008
5863
5730
-4805
-4647
-4857
6143
1071
-2844
-7444
3563
4880
-3452
7717
-1442
-3346
1766
7889
-7967
-1343
-5970
133
-1850
7276
-5003
6499
-8137
1583
-8539
-3770
-1904
225
5263
4124
4016
8739
5644
-7106
9784
-7814
1821
2824
-8078
6833
6065
-8809
5238
723
-8548
9156
4495
3615
-6554
-606
6574
-5518
-5169
6767
8912
-8109
-7458
928
1026
-6109
-3057
7491
-1565
-7366
-1711
-9912
-8659
8125
4381
5470
5689
-9758
8657
-4228
5627
-2066
7326
1353
7695
-9263
-1923
7117
-1893
-7695
2297
5627
4025
2085
-8912
-352
8408
1909
-2602
2247
6620
2591
6366
5796
-2030
8481
-8529
4201
9969
5730
-1748
9340
-1299
778
-2948
5069
3483
-1600
5411
-9187
9983
8269
-9008
1144
3318
-6713
-5344
1931
9243
-900
7032
-4280
-297
7900
-1184
1851
-8609
-4219
4353
-405
-7222
-2697
3416
-6189
-8037
-2901
5333
-4213
-7775
-269
4003
-390
-6147
-9186
-1820
7573
-4543
-1203
-2816
1931
-5056
-1525
266
-8665
782
-1115
7454
8439
-7701
6336
-3453
-6172
5946
-6018
6925
-4933
-8225
-5351
6563
3154
-2097
-1054
-2571
-8174
-614
-3504
7605
577
-8416
8506
271
-4879
-4573
-1306
-5466
-9357
4716
1676
1217
9073
-1395
4391
-4079
-6963
-482
-765
-4748
8524
4948
916
475
6109
-2232
-7266
-672
6696
6904
4571
5223
3091
-7345
-1700
-3388
1901
-8609
-6091
-3336
-1694
678
-2999
-9807
8048
-1715
6525
3020
-8757
-298
1771
-9969
1270
-2800
6988
-953
648
-5228
129
7876
-5374
-5105
-2349
8732
7000
8958
-4311
441
-2391
2851
881
9917
-8548
6187
6786
4995
941
-2829
-7260
-6083
4441
8721
258
9576
1619
-8295
6449
-6404
-2059
-2191
-965
-6136
-1136
3794
5531
-681
5615
-9514
8737
7118
-7132
2800
-3430
-5238
889
7947
-8603
3462
1731
-4742
-9414
5674
5727
5536
7096
-731
-6940
-8368
-2556
-1402
-1546
-765
3471
5041
-1948
6278
9971
-647
2441
-6897
646
3944
1815
3336
-9194
8497
5705
6744
-7306
9479
-6681
-3432
-6127
-4169
-4830
-411
981
9949
6705
7610
9549
9506
6690
9481
-2391
-2249
-604
7581
-8191
-7144
5529
-2094
-2051
-7549
8274
8347
6416
4834
8252
-557
-2354
-7590
7475
-3130
991
-5796
9347
-465
-1017
-6494
4310
612
-1330
-458
6658
2800
-8695
9865
4027
-3829
9489
3109
9393
9777
1345
7178
-2843
8852
-4024
2198
8562
-9361
660
9799
3857
-3773
6476
2264
4230
2844
-5643
-5519
-7055
-9891
-4460
1487
-8148
-4772
-6896
-1682
183
-9073
6301
8591
-2483
5007
6191
166
-3332
-7325
-6138
9198
-6608
1254
8979
-6197
6401
-2619
8995
-7386
9404
9170
-4870
7734
8227
140
-9140
-8179
-3082
3759
4871
5799
-4370
9035
3416
-3669
-4057
-3324
-2471
3995
1806
-6975
2531
7810
8057
7582
6303
4166
-4728
-3107
5287
-8181
4698
840
-237
-1479
657
-6357
5513
-7135
-9512
8685
240
-6917
8531
4769
-2720
1122
9469
2507
-1755
-3992
5099
7203
6085
4065
-935
-9107
-9173
8290
-3268
5391
9568
6091
4638
8705
2649
2255
1214
9724
-5572
-5161
8940
-6434
7860
-4410
-3867
2081
-6280
9918
1487
6600
-243
-4325
-5167
1123
-4318
9584
-3963
2210
-2044
8996
-9748
-1877
-8231
3936
-4952
-1018
9888
3293
-1029
6528
-3274
-462
6510
-5669
-3816
5291
-2173
2765
-4165
-1029
-7344
-3169
-212
-3540
5469
2964
-5037
-8415
-1917
-7570
8304
-2945
-4309
980
4123
3408
850
-8138
-2227
-1846
-9051
9531
-5831
-9567
425
-2786
471
6662
9941
-2265
3794
1642
-218
9260
866
-8909
5351
8525
8088
8555
-4797
-3574
5073
3218
-3214
-6266
-6787
-1928
4372
5260
-4068
1109
5973
-9228
-4991
5627
8275
-4160
-895
7786
-4131
4837
849
-9741
7355
808
5793
-6636
2248
8313
-6598
1678
-191
8374
-2173
-9218
8185
1992
5182
-1189
-3107
-745
-5510
835
-3579
-4250
4122
-8666
-687
-9161
3998
-4797
6126
303
-6886
-9811
1691
-3100
0
9765
2324
3697
-4555
-1144
2294
-3448
-2415
3997
900
-9024
4694
-3928
6212
9168
3128
-8347
-9073
-4364
-7187
6896
3855
2115
-2628
8057
-753
4605
5799
-6006
-958
6042
-4257
322
7256
-3963
6007
5256
4302
-2875
-9824
-1395
4754
3753
4972
-8033
771
2033
-7838
7450
-7327
-2899
3194
3311
-1411
-6367
5122
-633
9423
-9179
-7550
-759
4232
6821
6463
5575
8065
-102
8078
-6810
7504
-1606
-3926
4860
-724
-9855
2062
-1287
-4396
1640
-6377
2454
6007
5371
-8244
-44
2358
4808
-9894
8092
2512
9562
4022
-4753
-2962
6688
-3380
5667
-1102
3117
1753
4017
1369
-983
-2036
1681
4227
-7705
7980
-9238
-2326
5503
4724
-7613
-549
1043
2262
9349
6271
5519
4892
-1805
7977
4146
-9869
6441
3469
7322
1947
3754
-1728
8809
-7529
-7392
6650
9273
-6929
-6973
-1565
2235
-7720
-2593
9689
8943
7762
-3043
-5548
-5715
4792
-4202
7024
9307
-3835
4389
-8538
-1920
4570
2308
-9714
-3248
2203
9527
2315
-5513
-8150
3334
-550
1634
-9483
5391
-6579
-9566
7484
-5590
-5582
-4145
-1007
3750
7183
-6280
-9873
-7248
4978
4628
3552
5770
-8566
-8163
8800
6581
-4006
-9969
8032
-3265
1292
4047
-7230
6724
9721
-9422
-1108
2879
-6609
-3494
-8268
4707
4820
2278
1609
7804
9997
-1487
-9383
-2570
-4970
-5951
-4258
1639
1523
-3453
-7895
8573
-668
3316
-739
7607
4164
4373
-7316
7394
3177
-2203
-6441
-1770
4901
-6688
207
-8650
-6790
378
-9546
-6647
-5369
-3320
9803
7071
-5783
6335
9099
-7896
-388
-4567
-7494
-7136
-2063
-8478
-4847
-3115
-1000
-4350
3339
5094
-7059
-7170
4131
8919
-2629
-5894
3028
-5948
-3926
-5336
-5151
-250
3314
-7380
9969
-7183
591
-1709
-6861
-1123
-4998
612
-6053
-8886
3580
-8511
-5147
-9744
-7904
5942
2699
-8807
8496
-1370
1248
7567
6718
9816
9099
-2732
-1283
-3814
-2457
4507
-6656
7790
-2962
7931
1345
5655
-6460
-4133
121
-277
4370
-562
-4751
-8516
-4441
3282
-2544
-3508
-7578
-8302
-7859
-3221
-4033
-9315
-849
9374
7570
-8464
1903
-2498
-6223
-2669
-5586
-3196
9319
1297
-225
-9025
9713
9949
-3170
-5564
2479
7916
-1389
-5092
3214
506
-8589
69
-2480
-2113
-9273
5860
-1217
4107
-5257
-3463
-6416
-3519
-2204
7519
5430
3454
-1314
-5787
830
-4571
5439
6085
-919
-5561
5905
7419
7286
1773
2882
9061
6306
7003
4715
-7724
2535
4789
2014
5386
-3714
5549
-5945
397
-9318
1216
-4334
-5224
4174
-9960
8560
9337
2020
3069
6073
-9989
525
7757
4009
3631
-54
7431
1692
-4147
-8468
-5186
-2790
-4349
1671
933
9900
8265
-2485
-7081
2208
3149
928
-2779
-8787
-8954
-8475
2741
2148
-4650
7759
9651
-1935
-9684
6551
2102
-3525
7165
8321
1475
1056
-9727
2828
4201
-8668
3875
-5901
5815
2421
-5601
-2170
-1956
7837
-112
-1047
1608
-6980
-4059
-6587
6534
4163
5392
-2035
-3561
5182
9151
1342
7655
3994
929
-7611
-2334
-2928
-9201
2507
-6417
9530
8790
1200
-901
-6783
6455
6758
-8395
5189
-5373
3255
-5734
-3494
-8674
-6120
-5337
6531
-7498
-3933
5296
-6886
-6598
2615
-1321
7743
-3219
8285
-32
8270
-333
-4487
4830
3837
517
7116
4292
-3937
1694
3264
-2014
-4683
4096
6342
-9777
1666
-2208
9433
-2756
4241
-8806
5994
-1996
9273
2117
-9497
5942
-6529
2261
-2
2362
6436
-2546
2607
-5373
2138
-6530
-1707
-9676
-5279
-7630
-3810
8090
869
8141
-693
-2840
-8586
-3792
-7000
6223
-1386
-5555
-7829
7048
7771
-9120
-3583
4025
3256
-5351
-7763
4156
1796
-8246
-8945
-112
9109
-569
2530
-440
-3210
-4125
8102
-2840
-6676
-7314
-9440
7340
6070
-3859
2981
-2355
6366
-1671
8072
396
3899
2247
-3070
-43
5184
7072
8127
5104
7411
5933
9776
-9497
-617
-6254
-3246
-6806
9448
550
-1709
347
-5087
894
8451
-1401
823
-6838
-4021
8257
-8684
-5345
661
-3158
-3073
5088
-1121
6809
-2716
-965
8410
-7845
9643
-1793
439
9677
2715
-3628
7785
-8078
-3546
-1268
-5748
4398
-8430
-4125
-3812
8566
8713
-8688
5584
-4949
-8677
-6166
5088
-6818
3659
5717
7587
-9433
-2388
6432
-9742
3141
5614
282
-9235
9536
-7028
4662
-5163
993
-6841
877
7646
4204
-4979
7914
-9565
-1159
-9850
-4189
6393
1271
9645
-8330
-9283
2977
-8478
8391
2264
5813
-212
732
9030
5072
8231
-7141
-7751
5710
-370
-1247
-860
3069
-1239
6466
7992
3538
-6223
7394
-2309
7658
-9775
-7780
-1318
-2712
-1914
-7137
-4486
-3741
-4192
5298
-8905
-3541
5786
7425
-1672
-9322
-5330
-4917
-3239
7673
9847
953
7532
-6763
-5920
5993
-4550
-5545
-3628
-356
-9070
5140
-4041
-1692
-513
6144
5150
-5469
-8663
-1544
-3972
-3848
2781
-5386
1501
-6734
-1620
1076
816
-8800
1889
6958
1283
2782
1017
-1209
2002
-9818
-3403
3893
-390
-4466
-2178
7927
-4882
-8195
-6643
7582
9299
-2413
-8518
-5778
-8946
-5058
7833
-7242
-76
-8398
9546
-5485
3564
-3701
2564
-6686
3199
-1624
-7656
2053
8865
6457
3739
532
2243
4974
4531
-8440
618
-8088
67
-4752
242
1478
-4630
1860
-8381
8100
-8326
-2340
-7711
-5976
-9119
-6603
-7360
-8889
3205
9520
5680
-3995
-6592
129
-8623
-217
9081
2729
3101
-1942
-7874
-693
251
1240
4542
7767
-4315
-4621
-1218
-7935
2844
5758
-6017
-1058
-9769
8199
2162
3774
-6228
3923
688
-8830
6653
6061
-9557
3353
-1330
9259
-723
5134
-5920
-7360
6457
-562
-3449
3781
1229
2929
1521
-8713
6587
-4602
-6355
-9595
-2344
8467
2735
2328
7404
8597
4381
1655
-5353
-7144
-3798
-4174
570
-5518
-4577
3611
-5559
2926
3287
1997
7341
5397
-9748
2318
9608
-991
3862
-6387
3322
3903
-8511
1726
1812
-4739
-4637
8957
-6695
198
348
1997
-9707
2779
3810
-2302
-8118
5721
5722
8592
7735
5589
-8149
7645
-9178
4616
8796
-5989
6815
-5929
-5212
-4350
3857
2916
-6937
-3253
-9137
-1036
-1228
9553
-16
-1668
-7828
-9725
-2492
-2620
1230
-5977
8180
-1767
-9398
3676
9236
9130
-686
-677
-3837
6630
-9134
5193
-6762
-3251
-8745
-2245
6769
7655
-4776
998
-566
-8711
-8154
8109
-9452
5826
-5478
-8944
9079
-7344
7019
-7645
-2859
-9778
-1445
6660
8619
-7326
6061
9990
-3933
-494
-9622
-8877
-1926
4571
-2195
-1912
-3967
-3334
-9782
4455
2216
-2364
-2017
2522
9700
-1797
882
5026
5128
2134
-2502
-2246
-5065
-4422
-9861
-4747
-7420
1021
1681
-8269
7295
6271
-742
-3542
-4169
-8737
9163
-102
4318
-2588
-1078
4270
7433
1777
-9856
-9190
-7476
6887
-221
-7112
-9178
-1399
-4808
-5396
-152
3358
4886
-2519
-5411
9574
2451
-5302
3965
-7535
-3717
-8958
-1137
556
-2434
-9880
3957
-7298
673
-8651
-2104
-181
-9387
-4170
7385
5169
3063
5414
199
7025
-4675
-211
1220
8250
-5515
-8685
-4939
-9047
1123
3071
-2351
-3651
-2448
-2617
9826
-2215
-1479
-2720
4680
5680
1840
2992
-2758
7790
-2482
-8382
-4691
3354
2642
-3825
-4776
3858
7303
-9451
-6502
-3471
6083
2149
-8869
2826
1152
-5794
-5898
-1897
-8514
2458
7999
1336
2644
8811
-7237
-5510
7527
3568
1460
1108
8070
4210
1681
-7780
-5218
2444
2922
1136
4551
-3346
-4055
-4781
6980
3324
8476
-2139
-9609
1367
7525
-3589
-4991
1840
-4322
2168
-6335
4499
-6118
2696
-9658
5684
-8984
-7582
-104
1623
4996
-8368
4997
-7199
2836
-5790
4854
-3072
-2373
-3663
-4972
-9168
-6276
6294
-8075
7315
-5126
3189
-7314
-7185
470
8109
-2964
9576
-4745
-6904
-6348
587
3882
-9340
4206
-8914
710
-816
-5736
-7207
-6979
8059
5999
-5729
-9810
-3262
-6528
-1850
-2859
-6425
4477
1813
1596
-4068
7941
139
2326
3761
-2467
-7419
-2004
924
1608
-773
8951
-2950
-1192
2799
8176
5491
-4710
5614
-3635
-5191
-1168
-9850
-1757
-7465
-7108
4451
-2684
-258
-5108
-5794
-1032
2760
1621
2378
2316
-3958
-7582
1202
-2760
7985
3283
6126
3245
-2343
2469
-5480
1732
-8579
7547
-1133
-2429
6588
4124
-722
-7262
-3198
-9308
3961
-7631
-6277
-8943
3234
-377
-6338
8205
3001
2221
-1686
8989
3489
-2016
-4246
-1763
-2746
2868
-4746
-2650
-7165
6665
5504
2218
-7931
2241
3394
6477
-5250
1453
-713
-4586
7808
4649
4378
2689
-7669
-8952
6098
6076
6652
-1825
1909
-7913
-3815
69
3449
6745
2088
5636
1237
-1719
65
-5083
4364
-5789
-6276
9465
-1944
-3140
8533
-5540
-2255
3426
-1522
-8890
3626
6721
-883
-4134
-69
5154
-5948
6161
-5028
-6808
-7876
8581
5490
-4980
1524
-385
-4912
2220
-694
-727
-6896
2655
-1275
-3067
-8548
8391
8837
-5771
-995
-4452
-8133
3437
-1198
4349
8617
940
-1191
3436
-7976
8388
-1785
-6291
7047
4615
-9309
-6291
-8978
4389
1430
-7474
-9205
7314
-5124
-5929
-8727
-346
3863
2013
7066
-6321
-9233
4608
9908
9450
1702
-1135
-2391
23
2485
2357
-5929
-7708
-9996
-8528
7432
3200
3071
-3389
9809
-8358
2812
-8256
-7655
4295
504
4518
3183
7006
2525
6981
-3528
9632
-492
4326
-8015
-6161
2125
-5436
-5825
7539
-3386
-1160
5994
426
6126
9753
-6432
-5467
8644
1813
-5195
-7366
7694
-3249
-139
9736
-6321
5125
-5307
-9604
5986
-1634
1460
4349
-9351
560
-5964
-3694
849
459
-3620
-7579
3527
-368
-4781
3801
-2135
4458
6867
8742
-234
-6273
-5449
9338
-2678
689
-8872
-330
-5831
-1117
-3610
-7666
5562
8331
9141
3866
-5875
-1694
3672
-6966
5265
-9063
-912
-1577
293
140
9304
2346
6217
-737
6196
-460
5233
-8414
5566
-9828
-5279
423
-224
-639
121
2962
2655
-4699
-1332
-1152
6014
2478
4484
-9341
-6023
-9866
1564
-4674
6475
-5761
-5130
7482
6735
9826
5950
9723
-2733
-9992
-6804
4214
9787
7826
5655
6055
2012
-3319
8416
2531
1909
595
-3656
3208
-6384
-1165
-766
2278
-8306
-7428
-6027
-8160
4144
-590
4224
-521
5333
-2136
5855
-424
-9624
-5362
-1995
9465
-7058
-6690
-5274
8296
3804
-8070
9048
1619
8659
6545
-7193
-4393
5929
2291
3847
-5537
-6366
-5512
-6
3641
781
2092
-6168
246
3377
-7213
4816
7340
4998
-7236
-3475
1533
-991
-4718
8035
1483
3624
7063
-7116
-9095
5894
-6016
-9980
-7969
9668
4358
9651
1602
3271
1609
9080
-5811
8203
-3267
4389
3638
9710
-2578
-6729
-4135
-9458
1903
7169
2206
-3035
2602
-5682
-6890
122
2989
9776
-1976
8350
-8323
9820
-135
-4751
6258
-394
2442
-4526
-8369
905
8097
7143
-8307
3125
-9800
-9011
-195
-1032
-9320
-305
-2710
5241
-9745
3688
-299
6883
7593
4063
-2448
-3687
3445
-583
-2825
6045
-1065
-4674
4322
-1164
-6956
2496
7775
-101
-8033
7689
-9985
-410
-101
7884
3597
5703
6856
-4773
692
3621
2922
8301
6710
57
-7918
2321
-1094
-4718
4154
-9106
6596
2433
7536
1277
-9972
9444
-1347
-537
-9556
9479
3515
7622
7829
7531
-9333
-6034
3934
1174
2170
-8132
5435
5540
-5413
7582
6212
-4644
2568
6231
-9264
-4439
3179
1885
5032
-3668
-7798
-9155
-2083
4838
9844
-6634
-4453
-8508
-6280
-8922
-7637
3426
9469
1023
-2539
-1272
-8958
-2004
-7737
-3800
-2478
-7471
5340
9146
-1988
-3375
-446
-7628
2320
-3221
-5457
-6597
5210
-8030
-8179
-1991
-7771
8044
-3964
5736
6789
-1244
-9199
-1500
9980
1284
-6154
4311
-4946
-5020
-4860
1504
-8635
9105
-9083
9232
-2006
1807
8551
6655
-973
-7353
-2261
-1056
-4172
-7876
6849
4640
142
5950
9935
4951
-3804
-6315
4228
553
9358
6642
-991
6480
2158
7138
-1140
6510
1853
-1608
7790
2961
308
8623
4117
6756
6798
2314
-607
-126
-8518
-2610
-100
-5577
-1046
7784
-1554
-5719
-3716
-6625
-7040
3451
8789
-8240
489
-81
-1140
-9211
5734
5788
1700
-8630
-2265
8417
1637
-6082
38
2734
-7864
-9953
-4407
3445
8685
6448
5472
4222
-4233
2838
9393
5666
-862
8906
-4980
3055
-1775
2725
-5486
-1582
2706
-1622
5559
-8695
3770
1499
-3673
-2452
-4439
9728
2102
-5474
-4207
623
4824
-3921
7654
-7863
-1391
6359
302
3095
5725
2389
5344
-4690
8083
-2552
-9659
1597
-1397
-8896
-1341
9692
-2123
9770
-3517
575
-9897
-2412
6388
-4403
7643
-9523
-4213
-5580
-7897
-1589
-5441
2659
-9538
-3415
-7297
6728
-327
20
-6359
8979
6802
4381
375
-5472
2857
5330
-9590
2744
-3006
-8997
4622
1530
893
5712
-7293
-109
3570
-8695
-7171
1623
-9019
-8941
1348
8292
-3508
-3006
-4240
4438
-6541
7856
-3992
-1836
1597
-4856
235
4863
1934
8233
-8500
5616
-4473
987
8263
1046
9001
5789
-694
-9674
-6197
-2837
445
9883
1904
6258
-6629
8263
175
4719
-4328
-5275
-2217
-161
-3769
2467
-5436
5979
-2764
-3811
1854
4814
4123
-8178
-4935
6920
-2404
5215
-509
8577
-1644
-408
9583
-6665
-3444
7572
-6603
5059
-4050
5047
6636
4236
-8305
-8841
1417
-9118
-682
3203
4067
-387
890
-1286
5746
9865
8014
7107
2027
-575
9606
-7015
-1473
6282
-5361
-7970
-4813
-4855
-93
-8362
8458
4819
7791
-9794
6682
-6374
-8662
8608
-2570
3673
-7213
2031
3369
9983
-4412
4125
2899
7449
-8021
9882
6464
-7925
-9774
9681
-1150
-7844
5322
-1143
-5819
1769
8395
1162
-2321
-326
-2782
-4939
-577
-1595
3225
9701
5687
521
-3970
-786
3158
4032
-9533
-5573
9631
7866
-8696
4006
2545
4687
-1855
9717
9252
-5401
-4386
-9580
-1883
-5868
6680
-5561
4681
-9111
4029
-6513
-2344
-6346
-6944
-4379
2531
-7291
5504
-2042
-818
-3534
-4771
2107
4329
-633
971
3779
-8963
-1219
-3529
1505
9303
-9285
-1074
5485
-5560
5368
-7693
3412
-9714
-7692
9663
-3559
2768
1011
-9068
-6863
7432
-3069
-4901
9876
7574
-9534
-9591
1342
-5653
6084
-2408
-8965
-3912
-8789
-4681
-5964
-4392
9047
3393
-9589
8360
8478
9090
7629
7941
-4058
7852
-4250
-9859
-8747
-5966
-5427
9756
103
7600
-2896
-4338
8882
4287
-9627
7951
6669
-2952
3459
2098
-1051
2107
-2796
6326
1745
-7671
-607
-4289
6943
6606
5035
5403
2486
-2823
4126
-1885
752
-1535
-975
4068
4197
144
3615
8606
804
4113
4156
7930
-9851
-77
8277
-8979
6155
-2507
-7518
-7496
6487
4917
-6115
-9826
5001
9118
-1920
4748
8544
-4356
4344
-9343
7275
-5973
-1345
-3118
7414
-8631
3195
-9652
2578
2651
3957
-4469
429
-7674
1411
532
5159
-3375
-3366
-7609
-6004
6402
3385
-7130
8285
2115
4472
6768
-6696
5408
-1964
-3151
-1051
-5244
4092
9106
3749
5410
220
5010
-184
9212
-8347
8961
7583
-5100
6899
6115
-1731
-6594
4293
5567
-3433
-8759
-5094
9685
2346
2326
-9279
5271
-1585
8426
3873
84
-5068
2362
1259
-824
5906
7008
2722
4502
1006
-6003
2740
6571
7737
8666
332
-4219
8259
9101
7378
8590
5363
6432
-7355
-5674
1521
-9097
4075
4589
3613
-256
-2253
-9260
1264
3058
-4191
2040
-1053
3953
-9042
-7502
5165
1425
-9125
2419
-3188
-3587
-5433
6075
8612
-2160
9975
-9638
-5049
-4156
-9179
-5409
64
2173
-6045
6708
-4245
-6733
-8774
-5511
-862
-6417
-4377
5689
7795
-2437
1070
3618
-4610
-7336
1560
-9316
-3636
5431
3957
-3705
-391
358
5219
-400
9773
2770
52
-4440
-984
9061
-540
9593
-4724
424
2
-7019
-4764
-295
5308
4984
9147
5468
4459
-3315
-5541
-5
-1999
-28
4943
9096
3294
3855
8290
-5478
-4520
1152
-302
7720
-7386
-1050
7306
4192
-9469
1995
3473
-4833
-4905
2045
-6488
1273
-5270
-7911
-4097
-4672
2174
-1733
-7651
9389
6031
-7679
8008
-5075
-6053
-8039
2511
3495
8939
5845
-4447
-1910
-8296
-4576
4875
-1433
6681
112
2274
3647
-6145
5033
-3426
7017
-7948
2089
3992
8894
1976
4285
-3031
882
4232
-9491
-6471
-3828
4506
-6819
762
3876
-3073
-9794
3989
4657
2758
2380
-1526
4957
7474
6864
-3440
-3186
-29
-5655
-6934
-6444
-7784
2234
3180
5678
7154
1432
9265
-806
-4297
3276
1255
-3367
3071
-9276
6043
-8992
3131
4831
-7094
-3050
1830
193
-7017
-5610
9027
-8834
-2556
-9072
-9620
6606
-7772
6904
8609
-4559
8101
1503
-7474
-7251
-7868
3743
-8327
-3784
-2426
-1130
-3576
9352
5450
-6909
9088
-4550
-9821
712
8117
6502
1170
5503
8833
6008
-7396
-1075
-6281
-7326
-9687
6585
3381
1634
-7288
-4964
1799
1806
3450
1229
-4955
1568
-980
-3105
1112
-9505
-3934
3130
-1075
4169
-6021
-9912
1066
-2074
-1397
2671
8886
-6784
1524
3253
7996
4745
8911
7039
5956
-8744
6087
-1426
-1983
-3730
-865
-3893
5408
2340
-8828
-8139
-9568
6987
-6323
9066
9613
6546
-2001
-3140
6778
-1481
-5355
4314
3081
611
5967
-3468
-8088
8763
-8944
-1006
-7502
-6648
-8615
3396
-8006
8721
-8625
-8908
364
6228
1264
8322
-5105
-2974
-8529
7170
8798
1185
5216
5268
-4552
2898
-915
4873
-7786
4504
7996
5512
5192
-4111
7921
5037
8199
6503
-73
7676
-1695
9074
650
-4298
3096
-6452
3389
9908
3134
4967
6470
-2566
6896
6083
6912
7036
-8981
3759
-9237
5859
-1811
6420
1039
5324
83
3962
-8758
-1415
-6362
-6017
-7206
7468
-8152
6176
-2868
-4506
-7676
4258
5738
1942
5022
-9003
-1778
9339
-8880
925
-5298
1957
-8192
-4411
7512
7583
2505
6369
7496
592
-797
2623
2837
-6049
7711
4280
997
-3256
-3589
-4491
-8695
1976
4570
5287
-2448
-4232
3998
4479
3697
-362
-8965
9433
4299
4105
-3461
3817
-9481
628
-3445
-3879
-4776
-7147
-5046
9100
-3585
615
-4688
-2397
8679
-7014
-571
636
-9855
-3568
-9664
-8180
-9733
8044
-8288
7035
-989
9821
6323
6354
7681
6540
-2408
8288
1143
-1629
-7662
-80
-5251
6467
6338
-7881
3208
-9163
-131
296
7943
3874
9457
-7311
8019
8758
4445
-1663
-1061
2292
-8008
1072
296
3498
-2485
-6082
1945
3968
3119
6019
-7328
-7032
3133
-4956
4740
5586
-7904
5935
9196
7655
-2662
-1329
3254
-6655
-6586
-8689
6314
-5707
-123
-4106
-3051
-3906
9102
-6112
3402
9551
4927
-9403
5503
-2117
1556
-8618
2816
5633
-4907
-6755
2353
1781
2689
-572
7766
270
-6052
-9352
6522
-6384
7750
-5040
-9762
-5411
-1029
5288
5194
-6575
-5381
-1227
-8816
-4264
-379
-4351
2642
6028
9655
-8903
6548
4609
-2769
2913
-9786
-1297
-8237
-642
-8051
2969
9385
176
-3431
1897
2783
-5328
-7506
-500
3454
-7615
9156
6407
-2474
-214
-2371
6862
1079
-3623
-6205
2920
-1719
-16
6719
-1390
8469
1617
-309
4672
-9668
5071
5609
5916
4267
-2034
1979
-7220
-4155
-6770
-5859
-2139
4848
4395
7784
6217
1407
-15
-2288
-1982
-8028
-4429
-1650
-259
-4353
-5008
-5462
-7397
6627
6470
-36
798
-1205
-8491
-1872
-6315
5426
-8206
1587
-7553
8422
-5074
9802
-287
-6693
7826
6990
4978
-3698
-4812
6950
-787
-8445
-7208
-5782
-6215
-7561
-2491
-7418
-2039
-3745
-6911
1091
7699
2435
-3959
4709
-4703
7609
9821
-1227
8262
6054
5415
6501
7371
-807
3268
-362
-1217
112
7898
7913
7416
-4269
6712
7904
3035
6624
-7672
743
-7820
-3288
-1452
7415
6394
3268
-360
474
8334
905
356
3006
1214
907
2843
-2899
-2960
-5875
-3394
-5435
-1857
-8751
-6449
6593
5254
4622
-1499
1579
-8151
509
1917
1583
-881
5426
-4530
-5880
-2778
9914
8823
-9082
3627
-9706
-1294
8826
-4363
-9056
-1043
7791
6104
8048
6312
9107
-6085
-180
876
4264
-367
2972
265
7327
-5327
-699
-1318
-2085
4320
1793
-1784
9923
723
7964
2440
9522
1804
-7409
114
3799
1766
-9391
3709
-9777
9440
9972
8386
-6898
-9905
-9890
9146
3855
-7448
-2021
-8992
-4044
-5184
1447
4968
3789
9266
8643
3433
5428
6397
-6005
7513
-221
1353
4013
9394
-6635
-7629
-7129
-5649
5458
9539
-6776
8
6852
-2598
2289
4389
916
-3783
-7160
-9444
-4576
-1416
-4247
-5418
-4676
-2369
-7445
-8978
-9549
846
-2055
-2580
-358
2383
7132
-2139
-9254
-6438
-2387
-5078
4163
7094
4426
-8242
-8059
-2237
9810
1832
-1967
3018
4265
-7861
1202
-4964
-7472
-1768
9334
-6305
-379
9698
7178
2982
-6601
4169
-1416
2460
-4231
-870
2004
-967
-3977
2271
-2598
6187
6505
3222
-1576
-8708
5306
-8838
3162
-6230
4713
-7302
5159
338
-7259
-1791
8636
-4097
7897
-970
-8507
4567
7842
-2950
1195
6983
-2794
7554
3196
-7314
409
-4307
9197
-5920
2726
-6290
847
-4508
5884
-2799
7583
4714
8326
3923
4887
-2341
-4285
-9389
-4224
9872
-4362
8005
-3866
-5416
-3198
-7159
7652
-582
-1736
1028
3769
-8655
-3210
7184
-3500
-6244
9142
-6966
2037
6030
9422
-3063
-5084
9536
-2451
5723
-5110
-6496
2694
-2868
7828
-2081
-6116
-4223
-3644
1479
-921
7804
-9427
8432
-3962
1155
-1898
-7913
9666
-6062
-7791
-4418
-8918
-7223
-7934
616
-1888
7392
8689
-6557
-8944
5154
-1806
-5728
-6571
-1405
964
-4963
8523
7090
-7582
6737
575
-3748
-5027
8488
3202
-8945
-4869
9355
3304
-9025
-7678
-4305
4839
-5091
-6307
-8846
-1738
-5987
8679
6791
-5485
2810
7009
2249
3463
597
273
7141
163
5718
-811
4007
7739
-1354
998
-8190
4929
3671
-8914
-2054
-7273
-1032
5086
2951
5557
-2550
5814
3652
4679
2284
-5444
4848
314
4530
7250
-5430
5113
1471
-5567
655
7122
3022
-2878
-880
1860
-2723
4421
-8700
-3076
-5932
-7088
-2584
-5566
-1444
4332
6091
7506
-1134
-3003
-6191
6981
-3045
5134
7187
-2725
-5913
-495
-3387
-9841
-3008
8747
2963
1774
7100
1535
1690
2028
-407
4181
-6795
4705
-6854
4086
-6432
-9050
8998
-5416
2162
3709
-4612
2718
-83
-5852
8004
-2830
6590
-2806
-1647
5610
-9815
-3543
-9040
-855
-2347
5593
-6240
4140
-2319
-477
-4302
-8361
-9500
-9743
-9230
2881
-6895
-2326
7724
9846
-96
-8475
-8550
2944
-5436
-7247
9024
2606
9119
1683
8168
3856
-3861
-9697
-8683
9924
-964
-8947
6116
-5141
870
-1363
3447
1470
3307
-5
-2523
-5862
8497
-2780
3046
7888
-7821
-4281
-7824
-7736
7981
-1663
5274
-1408
1437
7178
9339
9516
-4091
6837
-1788
-4765
9173
9097
-8656
-6381
-3079
-7069
2570
-6318
5189
7800
-6521
-6038
2848
8985
-3188
-562
-8553
8078
6764
724
9194
5971
-5527
1414
-1825
1746
7492
2578
7535
9169
-4878
7107
-4320
-1010
-6518
6999
5155
-9240
-1594
9257
-9945
-1798
7027
-6931
-3471
-6598
2580
-6601
166
-2243
4673
-9100
8579
-3981
7085
-8152
-4415
557
4431
-3874
-6610
6022
9551
-1784
4108
-6114
-3317
7919
3559
6346
-2692
-1277
8506
1010
-4491
9504
4781
8356
9380
-9241
9466
-6367
-9510
-3813
-7491
3135
-4996
-3175
6623
9374
-2583
3304
-7411
-3131
413
4254
-9011
-3253
6066
-7809
-678
2226
7002
-8831
186
-2076
3543
-8154
4375
-7794
-7846
6746
-567
-7342
-2295
2670
-2596
2331
6737
-5787
7280
1186
2811
1362
-3134
1976
7438
-6599
3355
-2024
-5757
-2721
-2274
-6794
3520
4325
6542
3766
6015
130
-6388
-7156
9266
1114
-7899
-884
-6139
-6932
1046
2742
-8056
1844
2039
7092
3041
-9226
1297
9109
-9049
8090
7083
5247
-2291
3725
401
-3117
8625
-4455
1546
-1885
4463
-2135
-950
-4575
-8466
-9595
2138
7778
-6982
4363
-3605
-634
6701
463
-1229
3398
-6216
-7295
3938
8579
-3214
7898
-8740
8424
1676
7122
3676
9109
-5976
9428
5242
-8613
-3521
5490
-3960
2778
2548
-2228
8453
-7762
-9909
5808
-920
-1018
5339
-5627
-1771
8904
4252
-9496
-8167
-3807
-9082
8394
-9661
7578
6524
7768
4825
5142
2487
-5788
-3191
3330
-3326
-7373
-7734
-7560
-7298
-6997
7295
-1096
4023
9251
438
1060
-7202
-4418
7790
-1516
-3487
2234
-7950
9322
8015
4040
-9430
3059
-7693
-2681
-1376
2149
6627
-5981
-7294
6443
1965
4047
-859
-7458
9252
4075
3907
-4441
7632
591
8785
8923
4647
-1807
3072
8487
87
1585
3397
-114
5787
-2644
7408
3636
-9334
7484
5211
-2767
1021
9949
7762
-1688
-3169
-7092
4092
-2064
-8262
2772
7522
-4268
-7107
-2487
5707
7058
-8972
-1064
7098
-2669
-5860
-2877
1660
-7671
6407
5201
2945
8302
7065
-4563
-9061
2650
-1971
2060
-3728
-3361
3283
8846
6264
28
-9069
1677
7633
9921
5561
8146
-1751
5803
-215
7558
-8450
-57
-3736
648
1286
-9526
-6229
7143
2986
2587
-8829
1586
1433
1036
3509
-1010
-207
6850
1982
-6019
7054
6477
9061
-7587
9640
4607
-336
-872
-6610
9141
-336
-6043
-8918
4202
687
6791
2879
1888
2552
6050
6900
-9498
-1931
4702
2315
-3749
-2366
7666
-7919
-6285
-4419
-5482
-7096
-9428
317
5412
-9217
-7197
-9873
4443
3561
8442
-6812
-7919
-8932
1048
3143
5921
485
6164
5932
-2767
9392
-9232
8019
4843
-7820
99
7601
321
-552
2599
-3319
-3991
9260
6850
3534
-2325
1639
-5295
-9050
4338
-1233
4981
-1300
-6212
8873
8754
5797
-4404
6010
-6684
-144
3377
5442
-311
804
-5507
-3306
9049
8081
-8672
2480
273
-6418
8634
-5392
9179
6921
4838
5277
2199
1806
3809
-2842
9299
-1046
6357
-6787
-6950
4226
-8347
9787
6614
1021
-4955
6734
-856
4230
-6543
-4402
4732
3992
-9288
-1528
-3160
6998
-6609
-6464
-80
1968
-9133
-1107
2082
-4424
-9061
-5802
-2301
7847
2408
-8883
-7080
-3097
-6685
3853
4457
4046
-372
7623
3422
9150
4062
9456
-7640
-9256
-524
-2403
-1959
-9771
3294
-7753
-139
3392
6150
-1368
-2213
9198
-1060
-9239
3178
2564
6301
7678
-3780
-8119
-5354
-2510
7491
-3151
-8534
-7133
-8042
-624
29
9887
-6280
-7896
8151
3122
2736
7402
9305
-8183
-2692
-533
-5580
-4337
8577
7877
8124
6565
7851
-2318
-7747
-3356
8297
9141
-6865
-5815
-2189
2905
6662
7571
-648
9854
3271
-6325
8273
-7852
-2625
-453
-1705
7546
-7834
3242
8283
-871
8061
-5859
-5233
-6494
1740
1774
-6295
-5641
-3809
4077
-9981
3243
-7667
-1769
6618
580
4545
-938
-5697
2459
2344
7623
-4319
-8207
-8361
-5617
2700
-422
-4343
2953
184
6496
-2703
3899
-6638
-7890
9873
-8937
6917
-2630
5192
-878
5000
9550
-3424
2364
-4392
7842
-224
2149
1288
-743
-5073
1618
8609
-93
-554
8075
5481
-7887
-4375
8936
2966
-787
4489
-4070
6204
7034
773
5190
-8990
9616
8763
-4479
-1650
-8981
9656
-2096
-4291
6676
-998
-8383
-4166
9768
-2382
5805
4578
-9891
6708
7824
3883
8492
177
9511
4310
-495
6159
4040
-2747
5208
-9318
-8368
9257
8569
4342
-5588
-7056
-9119
-4894
9161
7082
-4911
9111
-5459
4342
-6843
996
5146
2554
-3023
-3101
8399
8240
4947
-9209
-9876
7725
6402
-7155
-1105
-1607
1059
-2925
7280
5239
4288
5071
2160
-4419
7072
-8363
2638
-5129
2694
-6755
-6828
-9599
-6888
-2944
-9816
-3711
3880
-8731
5955
808
-9124
241
-187
-2151
-7839
6862
67
4327
-7600
8179
1535
-4018
-9429
-5325
-1304
1971
-3396
-4864
2288
-1024
515
-8296
-2016
797
7940
754
-1821
3806
2373
-4873
4909
1344
4402
-2830
-2853
-7897
-5552
-4755
9423
7959
6206
8224
10000
2338
-1983
-5853
4939
2280
-2003
4020
-6241
9153
-3199
8169
9384
9497
-9436
-3786
65
4245
9302
-8423
-3124
-7956
2472
4562
-1000
-7761
357
-4929
-4684
-6685
-769
6561
-8565
-3320
-2341
-8119
1406
1669
6280
6821
1013
-1835
-3366
-4231
-1364
-5882
-5295
-4302
8426
-2201
7639
867
6025
-4112
5544
8048
-6965
676
9133
-8285
-6373
2227
9226
-4990
9271
4708
6225
-227
-7167
-6298
-644
7773
5539
9572
-982
-5878
7483
1639
-3309
-1851
6857
-4019
1773
268
-7267
9584
3579
8199
-9685
7321
-674
-7935
2067
-7076
1973
9954
5452
1316
-8307
2119
2192
-2847
-4711
3115
3466
1190
-7750
-7378
-7227
3316
-5832
-3912
-8517
1652
6997
6072
2657
9684
-7354
-8854
2060
-7263
-9774
8224
4672
1522
-4282
9099
5469
1830
-8492
9944
245
8619
-4879
3043
-568
928
-2561
1873
-4291
3597
8954
3385
-5064
9077
8382
-2932
-6278
-3435
4789
-9912
9036
8038
-7685
-8574
-9555
-5371
6551
-5676
-8091
742
-415
-4421
-8362
4891
-7359
9037
904
-9739
-9432
-1078
-4729
836
-3325
-8555
-7814
1797
-9485
-8767
-835
-9616
9042
-3155
-6447
-3139
7448
7241
-2730
-5664
1341
-5484
-2438
-1292
-5140
9833
8290
5800
7211
-2531
-6297
-7085
6493
5883
1821
-258
-8088
