720
2646 3480
4118 3442
3268 2469
226 3444
4694 4285
1911 2355
1916 278
65 463
4075 1390
335 2866
126 625
4840 1433
2653 2540
568 3208
3443 2656
131 79
1949 2764
4068 264
4350 2562
3357 2413
522 1372
2658 2508
752 650
3866 3926
1449 1464
4223 1702
559 2404
4490 2348
2936 702
2894 4750
1226 561
316 2850
632 4653
3655 4215
1909 1135
1800 449
2165 4318
24 4242
2371 3965
3392 517
2604 4670
486 4515
1811 4050
2989 1679
4589 207
4121 2485
2860 4170
2629 28
3248 1801
4832 2117
1498 2016
1058 347
1568 2268
2362 4115
4766 1901
1778 4725
2421 3696
2434 1595
3871 4306
1592 3329
2242 1304
594 1276
4839 4737
3334 2186
167 2245
4287 3780
3822 2842
2511 2702
431 1397
3848 3990
1470 2848
3810 4316
508 4932
3963 3002
4368 3164
1102 1639
786 4664
1413 2058
1860 104
3345 4756
3663 3364
3318 1762
515 1767
1031 580
3710 910
3673 4382
4256 4988
4255 3494
1450 1032
188 3374
2139 1295
2522 96
2403 1184
3611 1856
1218 2031
4319 1626
1302 444
1247 4193
4781 4565
3793 349
1145 4598
876 3061
4479 4762
4162 1838
3795 298
1051 3375
2904 4135
2724 1583
341 408
730 427
4218 2560
1196 3527
3078 2809
3229 3
2160 2064
97 2175
4204 1673
1139 775
3139 2125
3860 139
2146 1504
279 4060
897 4978
3858 2796
4346 2304
3642 4335
3419 2516
1803 2220
2795 817
4531 2517
1415 3189
2091 1335
2594 927
3744 3109
2558 4541
2430 436
1435 4815
4688 619
3753 3779
1319 2826
2581 2339
3593 3089
3802 134
512 3367
1649 3486
2727 418
1207 2692
2749 3057
4187 820
1353 2104
4789 2000
1768 170
3149 2874
3278 64
3025 2122
4099 197
3202 2565
4339 257
2871 1614
3955 2830
4817 1438
3467 3948
2971 2943
4611 4496
121 1817
1575 3894
1271 1253
1286 1015
2179 1183
3396 3300
615 2099
3546 2620
2544 964
2663 2078
3608 2367
473 271
523 3553
2313 1307
3951 2336
437 3794
562 1019
1820 790
2035 1107
3037 595
479 4861
1491 918
3213 2845
2743 972
708 4746
4463 34
342 4876
237 1255
2879 3465
4446 3157
4063 1804
3824 3524
2311 4377
113 1947
1238 4403
2500 258
2240 770
564 3937
3835 4176
4224 1171
4341 2675
2063 4348
4790 4808
3427 1906
429 1933
2940 337
1705 280
368 1369
3841 180
2310 3544
39 4432
1613 2315
4996 3027
578 893
2503 933
4853 243
506 2366
4087 1564
1742 3631
3808 2520
1728 3336
2095 776
2442 2144
4401 740
3118 745
1599 3008
3668 1311
1863 962
2890 3502
3234 2640
2026 4164
2758 2723
4405 1422
556 2883
3227 1615
696 4667
2204 4627
3669 2276
4652 1739
2048 4915
4682 1718
4295 3135
4577 2027
1651 4952
3145 3599
4922 2938
142 4704
3012 2096
3219 499
765 4145
1566 72
4588 4005
4010 3424
628 3591
1312 4847
707 4568
38 2360
1399 1004
4168 2551
4820 3282
1119 4739
4775 4600
1341 1753
2065 398
318 1493
1780 4059
3557 1191
3398 1471
130 1188
3122 4574
912 2407
1300 3171
4757 1222
915 4927
3596 2556
1606 856
1129 2085
996 2490
2510 3007
503 3910
3110 4827
1421 1609
3737 592
93 3192
3922 1664
3670 76
3411 4085
2346 425
4741 3108
3532 1524
3697 3859
1616 2506
3266 2739
4724 3121
4562 2390
4352 511
2364 2980
1773 25
3735 1903
4009 3931
3782 2734
2891 3600
3190 3900
1579 1055
1676 3096
581 220
1264 3821
849 1289
1155 1237
4084 4180
2600 4392
3995 229
3451 4774
2927 4102
4512 4141
1160 2534
3533 35
289 3245
908 2181
206 2131
4246 4655
4893 3915
3643 3660
1971 4860
467 4859
4624 4301
4488 2279
4618 4807
3770 1452
4596 2402
1270 2893
2597 1363
1836 299
4984 3540
815 1646
902 1053
3733 4691
3832 4020
886 737
2025 4281
4715 2254
2622 2288
4475 914
3571 2411
2142 2801
2305 4844
3741 2493
710 2286
2156 2515
4788 2660
3554 2618
386 4638
2933 2976
1989 2992
3874 1156
4172 3447
1684 1306
4154 1821
4719 4477
2991 184
698 763
2326 1859
1398 1332
3515 1323
3921 1917
417 3974
2880 1922
4493 1347
4233 975
700 4907
804 796
4386 3167
4825 2400
1653 616
1512 3257
669 4804
2766 1296
2448 3076
3328 315
1088 895
4617 1656
2777 3758
2527 2811
107 968
2253 1647
4581 4777
3742 633
1177 4232
4347 4431
1400 4797
1100 4848
43 4968
885 2061
42 1115
529 2615
414 4159
2729 350
4601 3517
1772 2671
3020 1939
1721 1467
2979 4877
1223 2198
2735 2161
1468 4904
2258 1782
1381 3379
459 1320
3354 2498
643 4355
2163 3649
4684 447
898 3676
3572 593
3516 3843
272 17
3039 4620
4097 2988
1041 118
83 715
2368 2084
277 50
4100 41
1079 546
953 2676
2105 2328
1047 465
4901 3680
4351 4454
3838 2114
4208 4021
1370 492
3280 4137
3936 3252
1987 943
4028 4976
1355 4722
4227 2427
1608 2763
381 1234
4892 1072
2757 3966
845 4980
2342 4826
4182 3511
942 361
4800 4885
2857 1240
677 3633
712 4895
4206 761
3728 4112
4551 1596
4992 3044
3474 2134
2386 3904
4313 1700
3180 2263
3413 4768
372 726
1017 3301
1133 4399
2374 2956
57 1852
1731 3882
4755 3005
2155 4445
494 2187
3581 3612
340 3987
3092 2251
1540 2741
4160 801
2029 4499
3563 750
2378 3304
800 2141
1868 1932
687 3661
4430 743
945 2075
376 2849
4391 2246
4862 4785
1674 1078
4709 1760
357 4296
3106 4367
1409 1236
1668 1208
670 1632
3402 1952
1696 1907
3715 2047
3143 2535
2109 2814
2704 4995
1262 3231
4928 4536
1829 4648
4428 907
2787 1586
1517 482
3228 2914
2601 724
4605 394
2944 3709
1630 3247
2607 4673
4094 4312
3588 156
3505 282
1096 3341
558 4689
2602 2277
2090 4942
2897 785
3708 3939
4196 858
717 1443
29 2052
1797 1172
122 3654
3265 252
3704 4426
1003 635
4110 2473
2611 4353
2872 4675
4165 3131
2719 2915
1442 1930
2617 3476
4450 3224
4857 4337
1118 3477
722 4650
1890 3200
1881 807
1275 3989
477 3462
1877 2137
732 190
921 2533
102 2691
2130 4773
2474 2370
3029 3768
4461 1986
1783 1235
1790 1870
2269 2716
331 468
1509 4035
86 2196
2649 4974
4272 4360
825 4231
855 4023
2145 1991
4824 36
3555 2794
2387 1975
2541 3151
1979 4703
606 2479
4727 4779
2590 2633
557 4288
1677 2580
1469 822
2546 2861
2445 1356
215 2683
44 524
3054 882
2635 2824
3003 2233
1061 1510
999 783
1578 1761
4660 1729
2542 4055
2128 1021
4033 831
826 1375
1124 2300
1625 7
4963 166
1070 270
1814 1712
2800 1046
4676 223
2468 3890
998 4018
3905 2018
3457 2721
4158 3207
4599 6
2710 4697
4571 2077
1308 2652
317 4123
2118 794
1948 3750
2420 749
2190 397
3590 3148
2010 11
1818 4079
30 4529
2948 4416
4711 3142
1740 2444
1671 4661
1841 2748
734 2609
1173 1220
301 1834
161 788
4806 4109
3097 2005
2917 3236
3837 1426
4105 4274
1897 2169
3019 4732
2572 3182
1802 4132
3287 455
4077 1417
1519 550
1793 2107
2670 90
2071 688
1228 476
521 2621
1998 157
2033 4212
310 3240
354 721
4677 4291
4765 4680
3146 922
4421 4149
3620 4707
853 857
1845 542
3746 2143
3941 787
3298 3272
4390 916
4039 4884
3385 976
680 3862
1479 3713
4116 1893
2596 2912
1217 3568
686 3130
355 325
2476 1627
1027 641
4074 2898
3662 973
3073 4027
4019 4921
235 4919
3243 1333
4961 1466
4710 2569
4449 3099
4091 2219
470 2227
4524 4422
1561 1766
2714 154
1725 1745
1453 1357
150 2642
404 1309
2221 2008
3378 552
2521 2376
2738 1658
1113 536
37 3604
4604 3104
4143 2111
2564 4945
3487 171
132 4717
328 3898
965 2575
1227 4887
3153 2837
753 2496
1085 320
3453 3820
16 4645
4721 1024
806 3653
4770 4485
4900 1324
333 928
152 990
4366 3156
662 4822
1043 2651
4965 2752
1054 2750
936 3183
1706 359
2608 589
2821 4543
2932 1865