630
993 1124
684 889
693 916
1077 1215
969 1079
860 953
603 944
824 1099
840 1233
811 1252
629 743
944 991
689 1239
1210 1233
946 1210
981 1055
1076 1292
898 1188
1174 1210
896 1255
786 1192
803 1270
1004 1086
679 868
745 1265
766 1197
915 936
705 757
958 1190
1250 1278
1107 1128
1172 1280
828 984
945 1023
977 1083
876 1047
753 1282
648 1146
1097 1266
1156 1306
905 995
788 888
858 1196
777 838
866 1224
995 1267
625 960
1048 1296
1161 1268
719 1303
1177 1226
1132 1272
843 1306
1223 1246
928 1222
1038 1188
930 1233
678 1245
986 1007
899 1110
776 864
850 1237
748 773
903 1014
930 1162
843 1093
647 841
640 1133
1055 1211
1044 1281
726 1247
1032 1186
1052 1296
1080 1320
627 701
798 823
1186 1262
777 822
833 1302
1154 1268
1003 1069
1206 1281
1094 1184
684 919
644 750
1232 1294
1242 1268
904 1285
1044 1169
1037 1130
765 818
772 1160
934 1134
614 796
722 1072
652 705
639 750
992 1220
883 1046
1094 1248
985 1286
1084 1158
995 1295
760 1003
1199 1282
1123 1300
892 1233
1116 1259
706 1157
623 1072
1083 1297
1052 1214
641 993
612 1276
1074 1220
1229 1286
895 1162
1208 1286
1126 1246
1151 1196
849 974
1071 1107
812 1228
1041 1159
1108 1218
1223 1318
964 1308
1211 1305
1029 1132
1199 1264
867 1234
677 1134
935 1286
761 888
612 1069
877 1122
1131 1238
742 1191
1145 1279
762 909
1226 1312
807 853
994 1206
964 1271
974 1124
1082 1282
1025 1068
1020 1177
1071 1171
958 1036
962 1150
801 1080
825 913
669 780
631 1262
850 1071
879 1273
826 1061
978 1320
742 1071
1208 1278
986 1014
646 1136
1097 1193
819 928
1251 1282
643 1230
1256 1298
749 1148
608 1107
850 1184
1141 1303
939 967
662 1023
1167 1243
851 1165
1082 1212
1049 1082
692 773
885 1271
1140 1288
1144 1176
1097 1190
1016 1173
726 981
817 907
974 1175
1175 1232
984 1015
1079 1154
1097 1182
1132 1192
988 1279
926 1105
682 1232
757 861
868 1060
1107 1142
646 1193
900 1138
668 935
1013 1292
750 941
891 1108
924 1303
691 916
1003 1148
1118 1167
1195 1289
1071 1150
1195 1315
682 1293
1159 1212
965 1234
1239 1283
688 1086
1060 1230
1217 1240
719 957
1237 1312
985 1114
714 935
648 970
1053 1252
1198 1301
618 1201
1168 1287
971 1186
1127 1315
787 1108
838 1105
1081 1213
902 991
1220 1274
996 1260
606 1251
1086 1186
1061 1106
825 1279
768 900
719 1154
1062 1170
1038 1308
828 925
1201 1225
974 1178
1257 1309
1215 1287
1069 1302
1140 1173
1107 1291
764 872
834 1246
636 998
1037 1066
834 1003
878 1018
1055 1287
886 1308
844 941
954 1049
1035 1233
600 1216
1257 1304
941 1227
949 1210
1245 1305
808 1126
659 1112
1081 1139
609 1250
937 996
1144 1287
1072 1175
978 1148
708 839
629 965
643 1240
804 1016
744 1035
1105 1133
1106 1153
761 1031
820 1054
613 1063
630 867
929 1021
1259 1286
930 993
888 912
695 1164
1227 1286
661 975
1000 1022
1135 1267
1094 1153
1209 1249
1222 1291
834 1022
680 1136
803 1319
910 1208
1174 1254
816 1109
1067 1279
1050 1096
1071 1114
1073 1192
950 1187
762 1086
986 1214
775 904
988 1019
777 1178
1015 1189
909 1210
790 1238
1136 1293
1058 1158
1101 1148
761 1189
881 1072
679 1174
1177 1279
725 1226
813 963
903 988
724 788
649 897
917 1041
720 1103
782 957
870 1099
1165 1273
1114 1194
614 1249
1129 1310
1103 1135
871 1272
898 993
859 951
758 914
706 1258
832 1070
714 949
897 1081
650 1087
851 883
788 1061
1037 1180
705 1315
1045 1125
1235 1257
1145 1199
890 944
759 991
1021 1097
631 775
972 1190
738 1307
739 1189
669 1286
1003 1263
1222 1305
1105 1167
839 1225
823 1195
666 1117
1042 1233
920 1299
741 1163
1202 1279
913 1156
754 948
873 1177
1092 1218
904 1272
1180 1317
714 1117
1126 1175
934 1248
1251 1290
1165 1242
1042 1161
1211 1285
694 929
1243 1279
872 1101
1003 1116
920 1120
849 1009
1241 1302
882 1172
820 1186
913 949
681 1073
1133 1319
1062 1153
1080 1150
786 939
1203 1289
984 1103
1149 1278
1088 1310
900 939
1241 1266
950 1014
1095 1229
717 976
1028 1129
948 1297
985 1068
1115 1287
956 1294
1084 1176
1090 1131
770 912
1183 1228
910 1237
906 1177
1161 1266
761 1170
700 900
1159 1316
1084 1273
1046 1237
1249 1285
898 1236
852 918
744 845
962 1229
1036 1110
684 1067
1136 1274
962 1130
600 1010
764 1170
1041 1201
627 657
624 1217
804 1269
1070 1176
1009 1049
672 694
1254 1293
877 906
1124 1274
642 801
608 1244
702 868
745 1298
945 1176
1120 1206
1259 1302
912 1269
1083 1165
1016 1158
1160 1211
1186 1281
602 824
963 1159
1077 1246
1115 1304
652 720
1222 1292
877 931
962 996
779 1071
1050 1206
843 1249
990 1314
616 1003
1054 1218
671 806
1110 1178
1109 1274
655 844
942 1144
904 1173
1140 1307
1172 1214
925 1266
634 762
952 1263
654 706
923 1254
925 1122
969 1130
647 1237
915 1173
1174 1196
964 1297
1010 1046
805 898
1060 1293
958 1025
1243 1303
1171 1221
1222 1252
872 1258
950 1070
1148 1210
960 1092
604 634
671 827
811 1024
954 1100
1210 1259
1146 1216
1002 1141
987 1273
889 987
1155 1285
1163 1186
694 1067
1004 1171
848 958
939 1164
916 1134
1043 1265
1140 1291
738 775
1031 1113
987 1058
881 1153
968 1103
995 1070
1041 1225
655 844
938 1135
842 1168
1158 1311
1014 1079
1134 1306
672 724
1078 1159
1137 1215
716 890
1098 1150
612 867
1123 1147
791 1095
883 1305
1083 1117
749 994
954 1302
819 1290
1214 1266
1040 1072
1219 1302
1109 1254
673 1159
774 1301
722 1216
1010 1039
776 952
801 1203
893 1197
829 1040
1143 1287
1088 1181
612 691
672 1066
1092 1320
1148 1241
1101 1128
870 1230
913 935
1215 1293
1163 1283
1211 1266
1043 1084
898 1245
860 950
1053 1132
1009 1297
986 1105
980 1307
915 1059
612 1189
1021 1259
1101 1143
895 1178
708 1318
619 960
975 1031
1121 1281
1144 1183
1063 1106
815 1095
958 1258
633 1224
915 1270
1207 1296
829 1199
690 945
737 760
1263 1296
962 1066
786 1110
961 1197
1013 1167
908 1151
974 1095
991 1307
1232 1301
1042 1223
1242 1265
983 1133
1083 1320
796 827
707 1009
632 1111
962 1162
611 782
916 1208
992 1030
1115 1161
1214 1292
955 1311
676 935
1154 1209
1095 1138
1174 1278
903 1018
1104 1249
1049 1244
983 1317
989 1114
626 1318
