10000 5000
44495 60
969120 45
397660 80
378492 25
248200 33
849800 22
979925 44
126164 25
556350 48
287894 50
514400 39
154100 56
106576 50
444006 0
617900 4
116544 75
595046 0
392800 80
179550 62
725700 60
732300 0
2816 0
342662 50
118256 75
146820 0
282768 25
540475 72
542775 20
458600 43
433650 8
839840 20
492578 50
80280 70
896300 42
642310 60
393135 20
292100 65
604650 34
469912 75
336953 0
923763 0
463200 25
14821 0
598950 32
860450 4
817888 50
444900 86
217468 75
531336 50
408640 55
214805 0
312871 0
901315 40
420125 20
82196 0
815020 60
615996 50
394250 44
969808 75
867753 0
512100 62
986270 40
828075 88
288920 10
892164 75
541572 75
275288 75
186930 50
5880 55
383184 25
603320 45
934160 95
35955 20
641450 28
220250 48
29300 16
62635 80
532150 38
274330 80
964050 66
503115 40
418832 75
772320 35
969000 41
368810 0
585937 0
830150 68
644574 50
685500 54
947499 0
648745 0
152534 0
84250 70
993800 61
847487 0
478473 0
167250 14
598525 32
280100 31
636850 76
100176 50
894875 12
125300 96
840050 90
30558 50
196960 45
262400 41
489585 40
555320 30
522020 10
911800 71
640940 20
691500 22
310510 30
641436 50
605000 13
767008 75
282832 0
857865 20
523168 25
63125 88
711204 50
146970 10
2000 96
743725 52
57890 30
788500 14
445400 1
920350 54
864950 28
997350 66
8948 75
678250 66
561980 90
998435 80
578400 26
285000 74
697030 20
200000 14
957400 94
526100 54
711050 4
477480 30
513550 86
460784 25
224750 68
99170 70
754600 13
88770 80
260700 63
273160 60
970320 50
674290 90
285184 75
13020 80
37444 25
472392 25
3225 4
279925 8
302060 60
678850 12
763775 88
542400 90
887640 5
578250 44
560300 9
468736 50
42360 40
240465 80
511775 4
698196 75
719675 88
182400 32
962700 69
917350 74
1520 10
17830 50
5520 25
267050 32
193256 25
679172 25
978360 60
747444 25
571100 50
568135 40
212205 20
764240 35
201800 58
188562 50
579228 25
483530 60
390800 27
81880 5
275250 56
505000 39
455050 16
805892 75
575300 80
137750 4
901600 20
98040 15
297825 96
389682 50
761518 50
711500 72
74525 72
953994 50
841700 73
277442 50
804730 50
404675 28
762460 10
193300 31
10110 20
310785 80
40040 45
603050 96
303500 3
600540 90
264170 70
597875 56
210475 4
883435 20
926300 54
32100 29
314800 56
608100 56
778238 50
785900 89
306540 95
904610 50
668835 80
451075 92
614450 88
430825 28
210500 44
561095 20
895375 32
325600 87
629500 58
521860 90
883600 71
975734 50
600000 1
659900 95
62116 50
702404 75
326900 91
773085 60
457210 40
22900 84
486690 40
698520 15
211580 95
124194 50
453650 82
222520 15
848200 57
291875 52
190020 35
595900 51
183740 20
384030 40
862820 30
782000 60
912150 16
669350 44
494975 32
857650 14
392550 6
225000 24
317250 98
70500 56
248500 6
258640 50
565650 80
926184 75
771400 6
581032 50
888800 25
765030 80
179700 80
794084 25
16815 40
332860 40
88300 60
914180 90
216900 84
509850 18
456000 25
168680 70
764350 84
557065 20
176420 80
772300 6
24500 8
850080 25
454050 20
728000 69
567472 50
391600 73
983300 13
157200 65
432404 75
142180 85
237000 84
569365 20
562525 48
757250 42
777250 16
584425 28
576800 43
138030 60
186520 40
271575 52
214050 86
180400 61
297300 35
423280 75
172175 68
79725 76
836896 50
836750 84
126840 65
530725 64
323000 46
675455 60
998825 48
338750 70
489310 30
774444 75
860825 28
245050 28
223015 20
343350 74
995800 40
431250 82
165350 32
86390 10
540085 40
464050 68
853575 92
989375 84
61944 50
581600 86
703400 1
302136 75
416950 10
20900 45
677260 70
285740 90
547756 25
649080 95
6906 50
607340 95
305556 25
424220 20
234444 75
830060 55
114600 64
241995 80
838415 60
81465 80
19280 45
412480 30
92475 72
657600 93
948200 58
993375 28
172550 4
632724 75
186580 15
351750 66
388300 42
80750 78
273975 72
366952 50
378508 25
280800 36
659696 75
585800 68
327950 6
262680 75
59000 45
839300 81
665350 92
60155 40
723165 60
358175 4
154700 51
855575 16
570600 52
349364 75
417748 50
636350 70
562850 98
412996 75
621450 26
246150 24
999930 50
823280 35
714200 83
174436 75
758700 52
247400 55
458050 62
418570 20
374510 20
716560 50
907730 80
839700 38
253596 25
197520 5
186855 80
226750 58
532125 36
761540 55
165202 50
438325 64
155260 55
335100 40
340600 11
100830 30
552825 8
806592 50
99710 70
393550 96
330380 50
741050 80
602750 26
876450 62
464075 68
935875 64
18275 32
796860 55
801575 56
515580 55
701270 80
705825 96
828096 75
136450 30
532625 96
21600 18
895232 25
522780 55
510936 25
938200 78
551700 40
818764 50
545200 91
854980 80
330800 82
625180 65
77070 50
200852 75
372840 80
879125 16
685340 20
841375 72
813806 50
486690 80
150850 14
852795 20
994948 50
388330 60
346825 8
654284 50
672940 40
38600 54
94300 50
564000 76
730780 70
106224 75
322900 89
262570 70
758960 35
227825 24
166700 82
871900 17
543208 50
876712 25
761208 25
122800 29
107100 95
569715 60
674900 15
220756 50
265475 44
955096 50
690600 66
500500 10
685235 20
574125 12
382900 65
809975 92
35400 83
2820 10
531880 5
536500 38
207350 96
864325 60
543300 94
376838 50
663000 95
62250 92
497775 68
277825 68
738850 20
893375 32
605040 15
422312 75
995300 96
477754 50
264900 39
804500 38
650550 78
373000 6
277895 40
733544 75
486484 25
165805 80
630100 14
525950 32
812790 30
781068 25
7375 8
668500 93
486200 51
712750 10
17705 80
454108 75
269940 35
909760 65
967800 57
268785 60
743110 40
857675 36
459500 7
344000 46
478260 75
690080 60
387744 25
322112 75
522000 32
726372 75
674856 25
732200 2
904775 92
708640 55
752360 55
349200 88
659365 40
95490 70
424145 60
841550 98
249700 26
136132 25
731350 80
521270 40
847700 97
864150 24
926000 94
799800 67
962600 92
60025 72
685560 75
718800 50
823348 75
910200 18
603000 34
330730 90
411060 25
570360 65
913180 25
206260 25
230130 30
974420 65
224300 56
305008 25
343200 11
903700 65
751880 20
214040 95
199855 60
160765 40
11205 60
691228 25
300725 4
628400 29
184875 8
794600 21
358460 85
805750 72
576925 72
365096 50
812400 64
895175 4
67625 56
256700 26
435775 28
853020 15
489675 76
758760 90
359635 80
941800 83
788972 50
143825 84
514304 25
95275 64
355780 45
658000 38
360300 3
268280 65
379270 80
693750 98
122525 32
493650 24
258430 60
718175 32
757525 64
248900 78
208100 32
788220 95
579100 98
860450 2
715025 8
340942 50
387600 61
529876 25
721950 36
407840 10
768925 36
874125 12
180025 68
128860 75
947800 51
721500 25
855744 50
33200 66
781550 76
829504 25
932800 71
745730 30
46220 85
927860 5
8816 50
562875 52
242460 45
595996 75
541560 25
258100 73
459700 70
508300 16
714600 58
337180 40
512300 83
222600 84
946300 17
26520 95
952200 23
885250 62
117190 10
25406 50
259354 50
469975 72
709695 20
794550 82
594065 60
325125 44
328460 65
434600 66
693800 80
642320 5
654756 25
974200 24
280100 9
546936 75
361170 80
868900 95
410975 80
502250 92
318068 75
486270 80
120700 8
290990 60
770900 36
212850 18
753850 54
946552 75
127060 95
180350 40
486500 18
457600 19
183325 24
84216 50
197460 95
405725 92
518500 34
790860 20
613080 85
531100 36
137160 95
75675 36
271602 50
862350 54
54060 75
876020 80
566625 32
640696 75
924804 50
412400 57
855985 20
534104 75
514775 88
433280 65
455675 92
477000 90
871172 50
944754 50
970500 14
842298 50
926188 75
495475 24
455775 76
846556 75
302860 75
54000 65
199600 10
85720 90
438765 40
63164 25
496750 40
273480 45
679222 50
864802 50
842450 76
600575 4
110500 35
432300 32
450825 84
477200 22
838050 28
128850 18
830900 62
864910 70
991888 50
563430 70
791315 60
603190 10
138688 75
957625 56
344800 21
138528 75
845100 77
14075 84
646160 15
15570 60
282450 56
23660 40
251350 4
996350 28
172150 66
640250 62
372560 35
242900 48
168250 12
284400 43
66250 58
959175 20
493900 44
701600 31
260850 62
706575 72
58190 40
643030 10
5022 50
284915 80
95986 50
398120 20
598100 36
544460 40
387100 29
320204 75
365330 40
42540 35
808650 22
827225 52
134328 50
856100 8
808904 75
542175 92
433940 25
488700 42
842100 74
885440 20
982800 8
410116 75
770116 50
705550 98
206055 40
142140 20
284975 92
771645 80
583800 5
155700 27
418165 60
578145 80
256052 25
698300 47
575200 55
358640 50
209110 40
216785 20
280880 35
593725 16
528216 50
521100 4
24805 40
979500 12
39600 2
640710 40
898100 15
438192 50
15320 45
755350 28
224225 92
109175 56
749974 50
323328 25
210830 90
356690 70
951048 50
350780 70
118100 60
453910 50
371540 10
936460 25
385870 70
782180 65
866015 20
76042 50
730898 50
307395 40
120715 80
391872 25
782340 15
607500 43
971365 60
771904 25
331450 90
578655 60
505650 8
598740 20
613670 20
596840 5
921895 60
309495 40
495500 59
122080 90
837315 20
315100 32
890900 51
637848 75
847140 30
37920 30
594650 44
163350 38
328900 73
445382 50
565650 14
83404 75
434895 40
616674 50
181500 82
751900 12
771100 96
903575 52
842575 24
31200 72
879800 66
71970 20
828834 50
969480 45
287990 30
32300 1
67900 33
925850 94
173080 5
72340 75
586900 47
794585 40
328484 25
368890 30
696190 40
73690 30
750974 50
132500 70
278900 53
642350 32
5126 50
607675 8
281440 40
624640 40
723450 88
970800 18
576600 27
790720 70
325000 42
417975 96
904500 52
32650 28
271075 64
795935 20
987050 86
439820 85
807775 72
769660 80
646150 38
334564 75
763564 25
700900 92
210936 75
689890 90
964780 45
530400 88
860990 40
431716 75
723975 60
636710 20
442675 92
319080 25
418680 60
115300 60
641352 75
82280 15
643172 50
701908 75
697010 30
572800 6
401245 60
414700 94
266650 60
547220 35
508100 60
64350 92
485836 75
169388 50
709750 60
32850 6
582580 70
649188 50
297500 39
81600 68
745000 32
815460 20
116925 16
348520 35
645920 45
467358 50
89464 50
793960 30
295985 60
909370 60
55798 50
996900 86
325700 30
939325 4
27175 32
179900 79
983500 33
570640 10
682000 52
439500 64
865475 12
281400 18
818800 69
608870 30
60650 58
994020 85
415232 75
989228 50
903420 35
189240 85
669100 96
744125 72
205375 44
644520 65
711825 28
17975 56
465800 68
767400 32
142500 80
198030 90
270740 95
826756 75
513650 84
883600 57
471392 75
547095 60
598230 10
380300 49
617020 5
562045 40
138100 30
678585 60
588970 50
749238 50
16000 69
284000 36
440325 20
150920 10
701325 72
183270 50
439965 20
268125 12
769225 88
64320 30
580980 45
61500 41
199708 25
487600 89
35500 57
668348 50
654750 78
340400 16
952470 90
480500 63
231800 10
10625 12
686165 40
959300 29
861800 79
164925 24
910316 25
212200 29
736320 85
675750 84
399920 35
935780 90
743572 25
197790 90
521260 20
151896 75
207100 1
220752 75
352056 25
447800 97
775300 15
701820 30
950400 52
951185 20
170000 98
206075 68
325646 50
88400 56
589620 10
654000 40
606586 50
722855 40
426905 80
285638 50
934726 50
213125 28
289106 50
117710 40
186445 80
906825 68
403655 80
773925 4
117800 17
279360 40
141400 42
9228 75
328985 40
744270 80
96130 10
907845 60
389178 50
635155 80
222956 50
475855 80
129600 90
770220 60
293395 80
626300 89
200050 48
101300 10
418870 10
713740 75
772500 83
168325 28
867545 60
356696 50
89758 50
381800 45
250150 18
210936 25
53382 50
541144 50
826800 12
441585 80
614600 37
307400 41
374968 25
69900 69
538848 75
419060 35
746240 30
221870 20
338400 34
772290 30
170475 68
16776 75
675390 60
683990 30
314456 25
833450 72
310540 65
546125 92
592244 75
644924 25
478700 81
325675 16
62375 20
936175 64
410700 14
351584 50
58980 30
55180 90
661560 5
566520 60
628496 25
611110 30
355240 10
633822 50
653884 25
310120 30
677635 60
758150 34
679640 45
740375 52
983172 25
275656 25
716905 20
485260 10
738280 65
995400 17
979100 91
401300 47
897450 20
483092 50
479360 90
514050 60
27800 2
1400 63
201790 80
7650 34
970575 88
731450 30
604120 65
556975 48
466480 65
916380 85
572000 72
237000 53
917250 14
742734 50
419225 96
418370 50
726954 50
665300 10
988250 52
594950 16
486705 20
690930 60
721225 76
337200 86
490760 15
954498 50
748580 90
816825 8
247050 68
197375 48
929385 20
578960 35
497700 76
177208 50
751950 64
573600 82
996180 35
7425 12
267200 59
757950 42
880550 58
715600 82
36050 86
607200 70
210000 51
243156 50
805800 47
511160 85
687250 64
101925 28
329955 40
805100 91
291700 43
426045 80
148400 55
737000 67
958888 75
655560 95
298100 97
578300 81
50380 50
596675 40
105300 52
994150 86
908950 26
220400 60
472830 10
42444 75
511950 46
162400 33
109694 50
866200 61
30650 28
63156 25
175875 16
506620 85
873575 96
766700 20
745600 83
504845 60
862212 50
91435 40
858722 50
380898 50
403700 25
311200 61
163600 13
279035 60
486592 25
899125 16
900944 25
711860 45
182500 63
104650 10
928528 50
757925 84
434558 50
4975 40
954870 10
897680 35
396100 58
316100 30
44400 86
869175 4
226825 36
560554 50
323100 25
511336 50
24560 10
855200 90
631050 16
382525 64
539796 25
552200 13
810294 50
90250 80
21248 25
221274 50
935600 36
305720 80
934050 24
141656 75
417160 5
159775 16
475150 52
621000 51
862518 50
98010 80
318360 15
653650 58
333500 33
846590 10
707700 83
580224 25
891500 73
873300 47
971580 30
176480 15
950775 28
698660 60
41200 31
666160 75
25450 98
902775 64
252950 80
365850 40
6010 80
244996 50
577250 28
891616 50
259710 40
450192 25
383980 90
354400 29
92900 97
878100 47
683160 45
975500 36
371464 25
775042 50
671900 82
19050 90
269402 50
641810 20
377306 50
24625 72
330200 20
584628 50
850150 30
994400 50
173250 22
962100 12
487340 5
231072 25
640552 50
309625 24
816135 40
284400 52
797420 85
463232 50
756520 35
495260 10
485050 18
601050 64
961125 32
530030 80
504275 4
292288 25
679400 12
68645 80
15850 10
26925 92
759420 50
22224 50
721732 75
666660 50
320020 65
291180 90
675115 20
993650 64
94980 20
218046 50
305872 25
586852 75
823920 90
369050 42
143715 60
190200 50
389105 60
218220 55
773392 75
731325 76
873675 96
649950 36
511990 70
529300 68
447225 72
116050 70
783870 90
385000 84
662600 41
273775 24
591650 36
481170 30
985400 52
36120 25
570850 92
952700 2
848785 80
269086 50
556350 26
280600 90
146908 25
945530 20
610444 50
114035 40
893400 93
684370 30
803680 85
486050 42
705225 32
965450 10
16450 68
740844 25
217920 55
935646 50
925736 25
177640 75
645065 20
472220 75
511566 50
894646 50
817200 18
639725 20
282600 85
110300 63
975200 77
673408 75
613430 20
103800 30
826550 82
246240 15
724326 50
256830 10
864500 45
472650 36
908330 80
775420 75
566500 85
250980 70
311516 50
327080 75
330016 25
60015 60
654776 25
311400 78
50788 75
930114 50
60345 40
908950 56
826700 44
642150 30
529800 77
77450 26
533900 79
872390 80
455575 48
884290 90
460028 50
532810 80
342675 40
39665 40
637962 50
469975 88
661150 54
91700 50
664650 38
220500 67
88575 92
657395 80
597950 28
443692 75
297126 50
735625 12
167700 49
147700 90
959700 85
626730 20
674535 60
193390 60
541070 50
118950 76
97975 44
569640 40
446400 41
836550 90
967700 48
370640 30
939400 53
979400 50
466650 76
595400 49
806900 70
684840 80
15900 64
468970 60
417030 80
240990 60
701802 50
616580 85
552585 80
366508 50
690150 82
340200 75
917825 12
205635 40
90450 70
769168 50
853185 80
755960 25
432595 40
432240 15
627550 4
303235 40
479112 25
14848 75
2168 25
432010 50
399532 25
235908 50
274920 25
874725 64
740400 22
24100 88
596864 50
914000 86
774140 85
473360 90
930400 84
211004 25
319500 72
558325 8
123760 80
143460 45
421300 26
266910 70
723750 16
320262 50
907485 40
277140 50
54350 62
934005 20
925800 5
786000 25
675125 60
208225 96
474596 75
509798 50
906300 88
248075 20
844520 85
292700 48
471580 10
717975 88
909600 36
349212 75
467255 40
396405 40
537320 55
467900 24
984082 50
739900 55
766252 50
360820 55
63010 10
944740 70
518552 25
164475 48
494444 25
520695 20
266950 46
868050 32
563875 68
403120 40
165425 60
512920 35
418780 45
431140 95
707438 50
201844 75
192650 6
648200 36
400750 94
907650 52
99932 25
55800 70
33640 45
674050 22
886622 50
789124 75
196200 60
970610 70
648725 12
97460 90
386986 50
949425 4
877652 75
251690 30
744600 38
854480 90
903310 70
871175 24
916875 32
303265 80
407070 10
79675 76
803276 75
714040 10
729164 75
573500 75
265035 80
770760 80
700890 70
73000 87
175490 40
743600 63
845720 65
841050 48
857670 70
429628 75
330320 25
54238 50
646850 86
953100 19
519870 30
922470 90
615050 28
94242 50
511520 95
374890 70
488100 76
83600 32
940100 55
618240 95
872344 25
626260 35
230550 62
184472 50
732486 50
935996 25
844900 65
170695 40
992180 80
938250 70
894040 60
502088 75
58500 13
724900 63
846440 75
909900 82
904884 50
670075 72
61550 80
530780 40
973760 25
988765 60
999095 20
696290 20
75950 76
972600 69
394850 34
334050 84
57475 96
943826 50
383025 68
637720 60
786700 52
647728 25
129110 60
948520 90
152815 40
122832 75
252180 50
101600 91
802350 70
304745 60
13110 70
99940 35
72075 32
955475 24
250035 80
673750 14
454410 20
549304 75
976925 56
491400 21
764354 50
1855 80
876050 68
78525 44
27000 98
821688 75
54800 20
853080 20
696394 50
696675 84
423500 7
892400 62
925925 12
296865 80
460180 95
80195 80
988100 23
530000 76
764275 56
219960 15
272540 20
519900 75
243860 75
100642 50
790525 68
282130 70
965948 50
805680 25
902150 18
650440 50
688145 60
858212 75
853642 50
565225 96
29980 5
74860 30
551425 48
978460 90
987624 75
877960 45
93925 12
90360 45
930825 24
73290 90
836525 12
625500 98
331080 40
366520 65
662600 14
685150 20
871800 15
724676 50
717035 20
496840 35
554912 50
85700 14
192780 55
272175 28
826740 40
23150 12
653095 60
202420 40
296250 28
43800 94
290540 20
772000 65
182700 42
330750 78
901350 68
49225 40
996085 40
640184 50
912320 65
976660 5
26975 64
302240 65
440620 40
864610 30
499860 20
714525 60
729475 16
147900 60
89700 48
251940 95
331480 85
920700 93
772940 15
4875 24
939650 96
908800 23
756260 5
120740 65
299156 25
968445 80
959735 40
531530 20
498815 20
619740 10
239914 50
387896 75
267710 90
539902 50
674215 60
248835 20
700200 31
551615 60
503080 85
505430 70
631460 40
305500 1
835790 60
390900 5
692300 24
190960 45
688808 50
81220 20
845864 25
374375 96
146400 57
573080 85
834325 64
22050 6
75100 48
334772 50
689255 80
335660 35
171878 50
956684 50
873530 80
643275 56
940500 89
133422 50
646755 80
189350 76
579160 50
795740 80
717564 50
642180 30
95072 25
358915 40
58010 60
300775 72
730400 53
911134 50
987000 98
514050 36
988130 20
555950 50
132180 30
819025 40
189595 80
955625 60
256650 8
362675 40
742025 76
724580 30
110300 44
669160 15
111555 80
709640 90
657252 50
201000 67
886090 80
187320 25
15580 40
847380 40
477425 12
111800 97
801600 86
59396 75
445520 10
514208 50
448880 65
744350 16
644695 80
334400 98
298890 60
132610 60
337260 15
503680 15
486500 36
767750 60
682975 80
405175 60
356960 95
350275 92
39675 76
321510 50
314000 88
219100 54
930900 27
839250 4
992800 61
17632 25
61900 94
729550 50
355150 38
93620 45
48400 22
824228 50
728748 75
532450 42
142670 90
61525 4
200076 25
99500 85
493898 50
54940 85
405400 3
791950 60
595588 25
174370 50
929585 20
685275 96
347516 75
468100 9
760350 66
385200 65
547300 40
502480 80
426900 59
392600 40
608728 50
102740 85
55360 15
696276 75
351920 80
721200 86
970840 20
505730 30
548000 31
341535 60
289445 40
862228 25
440500 36
586268 75
851300 10
71225 32
736475 56
459980 45
25750 68
510056 75
950096 25
995000 26
982210 60
485365 60
33800 48
565000 48
760200 9
636075 4
212264 50
835200 93
182208 50
213000 38
172600 63
159780 40
312590 50
931900 9
768644 75
904600 55
64385 20
248260 75
81325 36
665150 44
46540 35
870500 96
147505 20
300200 24
578150 22
579720 40
780800 95
716850 40
592050 34
850150 44
439535 80
202900 96
902390 60
467710 10
656660 70
748072 25
276825 44
285950 28
794930 40
989210 70
66580 85
68420 85
98900 35
183742 50
833150 62
184945 60
239700 82
609580 70
226100 91
499900 88
467192 75
830780 70
578596 75
218310 30
990815 60
502100 27
202700 12
640550 34
802250 26
260240 10
348650 28
505370 40
827000 72
210850 84
76400 25
501890 80
343490 30
889440 40
417250 24
994272 75
453400 62
964150 32
637206 50
713060 40
192400 30
441800 17
314900 33
794150 28
827104 50
291600 74
932340 10
790430 80
67575 32
914088 75
584528 25
594150 50
116382 50
523100 35
477575 56
992750 50
770785 60
947350 98
527460 20
489750 96
31864 25
103860 90
607000 95
79150 10
793160 85
426500 24
835975 12
396608 25
19750 48
56525 28
825550 8
857955 40
232590 10
565024 50
345500 13
835788 75
708284 75
372250 8
706460 20
398860 45
183520 45
310250 14
624100 50
507970 50
476450 56
760880 45
30340 20
49540 30
908200 7
139990 70
982200 15
978250 98
50720 5
541750 64
450284 25
240175 12
92890 70
934800 96
416200 87
74800 42
126275 96
286528 75
452240 45
365240 40
171380 45
540310 60
931925 4
198850 54
50500 84
764850 46
520900 55
951000 20
951785 60
59600 11
611834 50
494150 86
980120 40
956945 80
446664 50
775750 54
16875 20
760110 60
759150 44
176930 50
369535 80
346575 76
264316 25
575150 20
968140 55
319900 3
887550 66
325550 84
378192 25
208245 40
182100 96
324522 50
960020 60
40900 40
344108 25
592500 19
786900 30
986415 40
250525 60
92330 20
792360 50
327450 84
234012 50
618250 82
532550 6
266640 45
176442 50
111058 50
406620 55
27252 75
346525 80
131950 82
876264 75
358500 78
741275 20
827660 90
381870 20
276170 80
23862 50
346565 60
653655 80
926520 90
354355 20
308675 28
26850 42
230825 36
11575 16
517200 79
129425 44
524725 96
934105 40
426000 33
412196 50
288264 25
475460 5
280276 25
28700 40
633152 50
530600 9
321000 52
73100 43
1630 60
751840 30
891900 73
819050 36
897750 72
371750 60
317004 50
569150 36
505080 25
52540 40
87950 66
492150 40
451415 40
566390 80
111900 5
192010 10
545910 30
254788 75
903150 22
571665 80
255600 25
250950 62
832800 34
397176 50
461560 45
976255 20
743864 25
882808 25
596925 72
552980 5
818300 49
743336 50
975350 68
775020 70
213376 25
426795 60
495880 60
3742 50
421500 33
408080 70
888712 75
718895 80
894800 31
219100 73
705950 88
676756 50
902075 84
954798 50
434718 50
999724 50
877060 30
6800 40
402025 80
619900 4
125400 32
291005 80
594505 60
167150 96
464400 91
760100 34
490140 5
526472 75
443040 40
268060 90
163784 75
983884 25
227300 10
161475 24
583350 22
787315 40
678100 11
894700 50
570460 25
51325 20
859700 86
901295 80
79525 56
909220 85
854654 50
780420 40
416082 50
932140 60
540970 80
744050 80
65275 96
281200 85
42305 40
397110 60
215664 25
807780 55
47104 25
566016 25
205326 50
796580 55
282524 25
579750 92
124000 80
751590 10
755000 22
683410 90
126620 5
392650 70
885550 26
818600 68
302820 65
719300 93
272500 9
803840 95
149185 40
631720 75
419850 84
543900 64
518150 14
548232 50
498900 25
679950 68
697590 70
967550 50
81790 40
10675 20
928880 30
978022 50
640145 60
391800 92
258840 90
847814 50
727640 20
829620 15
703196 25
755350 12
781080 30
57850 74
804226 50
423610 20
752110 90
698192 50
33915 40
214224 25
811192 50
782380 25
599386 50
707740 20
728516 75
266030 80
520264 50
51040 60
744790 90
793950 2
563760 75
287200 27
431524 50
64250 72
348750 42
250500 35
450270 20
383390 20
644600 85
325250 2
844515 60
770800 21
578768 50
389360 65
88700 45
224716 25
826856 75
17400 90
945100 50
488442 50
975860 10
573910 40
630230 70
803100 31
400690 20
48760 60
612250 40
626800 58
105740 20
200596 75
862840 75
691444 25
235875 4
260500 39
448680 15
167550 36
489560 40
466868 50
409350 20
78300 89
9048 75
535198 50
843235 20
460300 82
646844 25
63800 34
480875 76
881450 70
999996 50
402780 85
595880 55
463576 25
104050 14
805275 44
609375 44
492155 20
759600 15
959900 90
828568 25
845195 20
829376 25
425340 30
121250 54
67725 84
931824 25
34100 63
356015 40
238200 54
238792 25
183300 46
957800 41
468525 20
312710 60
829100 82
119184 25
705380 65
273700 9
412560 5
60468 25
258155 20
641786 50
764300 50
218480 80
229342 50
794825 80
775220 45
197750 40
852980 75
419525 32
104060 60
765590 70
680370 50
700505 20
188800 93
727620 35
91700 70
7200 65
91544 75
509082 50
761600 3
690450 90
300975 12
333550 76
381090 90
290540 10
911900 72
798720 70
339540 15
239625 12
100215 80
653104 25
951740 75
329850 30
695630 90
869500 82
721184 75
675650 60
805990 40
699390 80
187516 75
366258 50
298650 46
800225 60
827850 82
552316 75
745960 20
162275 48
403200 6
970388 75
435050 42
685000 9
730166 50
530562 50
166900 58
97250 48
258200 32
122394 50
788825 84
429505 20
862850 70
690915 20
46000 96
52750 2
166675 28
356900 34
463545 40
276800 79
144100 3
949000 75
59900 52
464896 75
220575 32
959144 25
138285 80
676225 60
223960 80
509700 66
334475 8
585988 25
520 15
548746 50
813195 40
580320 55
352892 50
924400 61
368892 25
235600 60
132325 32
100275 56
528000 40
60714 50
487510 60
69160 90
947500 71
50575 92
885150 74
851470 10
487768 75
35942 50
561475 12
974120 75
454940 55
615340 80
879125 64
557544 25
621750 82
304504 75
795500 58
812440 40
155100 84
412896 50
731150 42
734120 25
337648 50
819100 37
58725 88
102820 45
338825 8
114640 5
796984 50
849550 62
956075 52
904272 75
11470 80
20750 10
939080 65
516000 48
803225 20
260500 25
950446 50
816180 95
598220 5
717492 50
768026 50
176725 64
147875 12
341666 50
480800 75
593540 40
742054 50
628850 16
526395 80
19220 75
992156 50
299880 75
530664 75
556370 90
36215 40
738575 60
605550 44
708972 25
49120 55
409760 10
70300 40
187320 90
449820 15
250150 56
500625 96
448494 50
403605 60
609700 45
598250 70
434800 72
834876 50
757300 16
194925 96
630975 96
164200 43
763120 50
797664 75
271925 88
359325 20
83570 30
887900 51
251800 45
407424 75
548244 75
897160 5
161040 40
19424 75
320880 75
883115 60
189204 25
843820 30
32220 75
705000 75
844412 50
149745 40
48426 50
235600 6
538275 72
769364 75
569436 25
977300 96
292600 17
425415 20
632300 86
824600 45
251642 50
271465 80
233508 25
86280 25
884050 64
242880 5
272784 75
472700 13
404686 50
440535 40
928655 20
771250 82
751000 97
426200 34
275910 80
864250 38
478160 65
246200 52
364924 25
532880 30
122408 50
671450 22
39420 40
355275 92
456600 79
64370 50
762990 40
460060 25
62650 16
802070 40
218992 75
806132 50
649612 75
467025 24
750318 50
730700 33
685450 96
312800 17
640900 76
625200 44
674160 70
184520 60
102312 50
163125 88
455652 25
584050 8
979300 73
20760 5
759450 94
228120 55
768600 8
528160 85
783850 50
381100 29
269075 56
834375 32
590160 55
575938 50
116275 24
256805 20
886500 14
487790 70
443124 50
322125 40
528600 25
165908 25
164388 25
408300 77
920064 50
28575 60
478985 60
592250 26
406575 80
529785 80
546020 35
510870 10
148340 20
702925 88
277776 50
27620 95
50525 64
529080 50
963648 50
355765 60
820900 80
564600 98
924860 45
45600 46
206322 50
62275 8
233050 20
147000 18
258708 75
844580 45
514145 20
22125 8
812525 80
503350 98
185958 50
877275 32
832860 15
253910 80
226950 14
368000 88
806104 25
365950 84
641410 70
758975 84
981006 50
208840 15
38060 45
463500 42
793825 76
911530 50
63400 47
59115 80
897472 25
68900 50
722725 72
98925 92
474472 50
839715 40
951665 40
110120 25
99440 70
157070 70
889050 6
312320 30
167204 25
465525 32
935800 77
477500 82
742630 10
467650 34
975800 10
976215 80
852750 76
598450 82
974175 52
224275 96
93125 48
619756 75
951650 34
159200 96
226746 50
787420 50
934568 50
178518 50
427650 36
168305 80
465060 15
785460 95
339350 24
576880 70
938950 6
589195 80
529170 30
992690 60
347554 50
900380 80
919110 70
320925 96
224320 65
710000 50
343910 20
733332 25
448200 18
513900 26
970350 22
177175 36
461325 76
819628 50
356696 50
782388 50
622664 25
374900 4
944075 48
670275 48
600800 26
102270 40
986950 70
773508 75
518255 60
379650 64
15550 38
254750 24
125794 50
338576 25
909484 25
673120 70
475800 76
768780 20
574828 50
864460 95
280100 79
616980 10
684972 25
739100 20
370025 96
376725 96
198840 70
761570 10
603700 39
850230 10
835100 55
954544 25
972672 50
419810 50
363805 20
489450 56
786000 27
876550 62
836320 70
94142 50
874840 20
476145 60
256400 76
616540 75
966105 20
530312 50
482060 15
690678 50
798880 55
252280 80
886882 50
365750 52
381850 72
283005 60
753770 90
552255 60
843450 54
129340 5
180485 60
573600 44
519000 33
548750 98
574475 60
179548 25
890775 80
457552 50
322820 20
289020 85
459240 85
416905 40
28420 40
550484 75
252325 64
986494 50
123705 40
159040 90
930100 71
609175 64
424675 32
701310 10
142300 59
150702 50
989812 25
664528 75
679044 50
463900 85
815320 30
461180 5
131375 24
960260 90
459412 50
601726 50
490045 80
522105 40
130195 60
519700 35
838500 66
442875 12
859550 64
519384 75
12050 94
192625 96
292600 3
808460 35
928535 80
288176 25
667372 25
88150 14
258990 50
691750 62
275932 75
362865 80
432175 64
28070 80
854120 65
215000 26
353700 61
704328 25
575800 35
796650 92
607040 80
35625 52
363172 50
903800 2
774300 26
389485 80
90425 80
945508 50
741325 88
2100 56
514690 80
502790 60
325050 30
467550 40
113860 90
836820 50
742000 16
436980 70
712350 18
290300 59
660300 10
697210 40
780454 50
718500 80
51500 19
180160 70
463135 60
751760 65
257096 50
638510 90
831240 50
61750 46
904394 50
576520 70
896425 40
139356 25
796900 33
586445 20
590995 80
915300 13
20550 64
865000 55
83575 92
655380 15
456730 90
531385 40
844500 64
923225 4
626200 23
219180 30
958700 88
36320 90
585310 60
858800 66
619114 50
744425 28
961335 80
475400 88
637500 89
841288 50
750595 40
397950 40
91800 21
219450 46
47150 46
130175 20
352372 25
51425 28
598016 25
155700 64
678264 75
970170 20
1350 36
358375 28
562030 80
108280 80
329800 38
441308 25
591700 27
804445 20
288050 94
834936 25
496265 40
573975 8
16325 96
415905 20
592812 50
138200 62
476325 16
833185 20
299712 50
903625 64
747400 69
771800 40
818920 20
841400 19
320550 94
463400 48
173900 14
202872 50
78150 12
26800 29
213650 12
513275 8
766525 32
704460 25
502570 70
646328 25
424300 92
563644 50
740870 20
574485 60
115950 8
827425 12
733520 10
778818 50
948050 28
313000 69
418860 55
680400 97
386720 35
534084 25
314600 25
696815 80
128852 75
333750 34
743516 50
256804 50
10300 79
770300 71
500550 40
838400 24
514215 60
937380 20
143456 75
553672 75
330204 75
840850 82
390500 52
958500 93
540085 40
959575 92
827220 25
57926 50
692340 40
197605 60
839576 50
151100 56
923300 50
80790 10
514400 84
871300 7
477630 40
684600 82
992064 50
344690 70
319780 60
793304 50
965196 50
368765 20
733700 85
608280 70
739400 27
120784 25
77760 40
187025 48
209980 5
811945 20
647400 53
286260 90
260505 40
136760 15
659650 38
584380 50
433000 63
779980 10
763850 80
801025 68
964800 61
991920 30
279600 79
845720 5
485008 50
65025 8
639720 80
658025 56
126380 30
945000 59
640825 80
655000 3
862708 75
584900 11
597816 75
974140 70
91090 30
203100 74
318100 97
17208 50
249295 60
353360 75
560140 70
957410 80
266150 54
233675 84
23940 40
858915 60
163780 35
899710 40
110390 90
301280 40
177490 30
382580 85
52500 66
766100 23
957290 10
251094 50
904285 20
437660 55
543705 80
963200 69
841400 39
774182 50
940820 95
72160 10
731560 65
376850 72
37132 25
860126 50
925600 95
189158 50
213350 78
791030 90
746504 50
771444 75
391925 56
89500 79
465480 80
492050 8
451140 60
29600 15
752520 30
377546 50
585300 94
242500 80
564850 24
191400 67
698740 85
139850 20
321480 70
242930 50
822600 47
364330 80
591132 25
942215 60
446220 5
850350 36
931400 52
971800 64
367768 25
444860 55
912250 24
373356 50
625812 50
899810 80
312660 15
681450 24
646910 50
565795 20
950 2
341896 25
584725 60
794495 60
386660 55
582660 55
70700 18
503860 90
248760 75
550295 80
772580 35
819000 47
877905 80
7455 60
850550 8
52950 74
519060 70
254925 20
346675 76
296160 10
496300 1
168690 10
5216 75
703930 60
943750 82
344020 5
505825 28
375372 75
334600 33
898625 56
523615 40
180225 32
430864 50
424500 84
31275 44
518105 40
542010 40
86720 95
327176 25
184440 65
955200 71
696580 25
821025 96
779575 12
450516 75
97160 15
861920 75
316975 96
552300 96
76820 65
629600 48
127360 65
891584 25
127904 75
638800 35
935940 85
560230 20
527600 79
760656 50
269744 75
156350 58
218558 50
407840 55
850920 40
501975 28
269704 25
544275 96
459572 50
974445 60
247000 21
698328 75
529650 32
421650 4
7790 10
744725 68
478920 5
842800 76
429120 40
639860 30
542200 90
596876 25
730975 20
424376 75
658726 50
573460 95
942956 75
477670 30
336150 26
596685 60
765125 56
449240 35
926575 88
708260 90
451296 75
305828 25
602250 70
719550 16
411450 80
781625 16
495000 55
918400 78
318250 28
412570 50
867525 32
185765 20
287100 72
574100 58
572008 75
197470 50
924300 12
487580 15
731700 45
741548 25
109310 90
525382 50
301780 35
940228 25
7700 10
330500 77
196860 20
118950 68
364620 40
828196 25
927500 29
533084 75
179368 50
104610 90
278500 28
1175 96
883030 90
58400 5
105250 96
216652 75
880625 36
523384 75
96500 65
654684 75
360572 25
722155 40
653500 13
595320 85
398625 96
60675 32
930830 70
571050 82
651300 53
916588 25
590820 65
619026 50
468715 60
617400 96
471500 90
345735 40
224015 20
664000 17
699870 40
460464 75
610320 60
112460 55
129375 64
330900 45
372800 40
369495 80
740340 90
870525 56
526500 31
381620 65
401800 93
549840 60
636772 75
360800 14
28020 10
419465 20
900625 72
780200 94
495780 30
111740 70
839525 44
600080 20
904325 96
914125 16
346390 80
487332 25
211595 80
91800 76
541188 25
544175 32
399502 50
897565 20
958475 40
142760 35
986300 26
450206 50
305656 75
817475 48
20898 50
781325 56
361660 90
872470 60
878584 75
829122 50
12200 21
422250 24
570700 9
353725 24
719875 24
225875 52
526500 58
114958 50
644220 55
58000 38
299000 15
514100 32
325234 50
980320 35
359804 75
246175 88
997728 50
586775 72
463452 75
628325 28
353905 60
827620 90
47750 68
43400 51
775800 60
67150 82
576300 32
602200 8
332785 20
577838 50
333400 47
296650 62
59025 72
172625 32
870120 80
498800 91
691750 96
279600 68
412548 75
487900 49
845725 44
829505 60
704300 77
201164 25
422100 77
296415 80
745760 80
593756 50
888320 60
152306 50
226916 50
928900 78
837350 14
56325 56
842625 44
337025 92
837850 78
551280 10
89952 75
171720 90
720400 93
738330 70
630850 12
588025 56
250700 37
955700 23
38344 25
282580 40
437140 40
717325 12
936195 40
665335 80
882920 85
58908 50
604450 38
221000 46
227880 5
949380 85
425500 52
805368 50
956600 98
193270 90
638600 48
3315 80
875850 76
206150 42
678935 80
53600 53
39270 90
395205 80
757350 48
112050 58
778800 27
79290 10
426050 4
377650 8
69200 71
102800 70
949440 65
665665 20
387000 24
247100 45
140800 73
985280 75
850672 25
295755 20
831496 50
850448 25
805392 50
754750 34
78022 50
38625 72
90245 20
844778 50
490340 15
78904 25
20420 95
159840 60
885696 75
728760 20
134735 40
189695 20
30825 4
713060 40
288120 90
431150 32
215756 25
535208 50
667400 68
899304 75
167050 16
159340 95
465150 80
22860 95
276104 25
889460 65
36425 48
903820 95
527390 50
666775 64
853000 63
225382 50
50600 53
557400 58
584465 60
912210 70
949830 70
540528 25
505200 35
24375 20
477316 50
269495 40
659700 18
130500 90
24725 44
683200 84
936600 36
425900 14
736504 75
252110 70
870795 40
898145 40
323285 20
111500 90
593435 60
168215 60
980986 50
509270 70
965350 84
332026 50
470220 85
846800 1
681930 80
942985 80
337160 20
101725 84
496162 50
960100 68
295840 25
754675 76
552360 90
532530 20
650312 25
530926 50
587900 2
594750 10
717050 44
931120 85
228125 88
671508 75
647525 36
690460 85
59025 36
119100 91
250460 45
531100 25
21650 14
341000 15
320600 86
112250 32
58460 45
774175 40
491945 80
392700 37
484250 6
529048 50
638950 8
616710 80
595945 80
599948 75
244775 80
503995 60
334100 15
796344 50
762800 60
389400 27
753600 85
224045 80
460565 60
510645 60
751180 80
551140 20
125600 52
33150 76
362600 64
630325 28
360925 40
888180 25
693624 50
2140 55
289668 50
693275 64
133665 80
425180 50
912276 25
35400 24
215300 60
460630 80
563895 80
107940 10
541916 25
946000 61
366750 24
819805 40
828950 36
663618 50
297900 15
148325 24
692075 40
120245 80
563300 90
734680 85
488400 49
190120 20
631300 68
167400 87
745870 40
627840 90
475500 86
339285 20
480200 31
279220 75
488504 50
458650 50
533580 60
513300 8
877314 50
341405 80
178900 76
792900 49
391485 80
163780 45
267600 91
171115 20
796175 48
286300 58
222220 60
137068 50
116060 55
20400 25
463200 40
305996 75
16000 29
495160 70
104812 25
524074 50
245900 96
573110 10
282540 75
480428 50
118160 95
508620 35
592155 60
979500 91
190475 28
174300 96
208230 60
929400 2
621575 20
666800 33
39640 5
273850 50
337300 30
686800 34
673925 76
857360 70
756015 20
419875 52
948240 75
562740 30
556400 6
338550 16
25485 60
172280 85
188300 51
349000 92
939015 80
453700 52
574725 68
703050 16
455495 20
351945 20
230575 52
615612 75
787425 64
44000 19
690300 88
306570 70
136075 80
16014 50
974680 20
732550 94
845600 16
858820 55
866100 51
678300 22
442450 72
421550 84
580300 76
483905 80
62236 50
654298 50
627500 61
963042 50
514500 77
168272 75
47864 25
874260 75
934575 80
722204 75
855865 40
820528 25
849780 80
357836 25
169380 55
735516 75
392500 8
837240 50
909634 50
737875 40
712020 85
416040 65
748560 50
232100 47
290420 20
76025 84
551360 80
395442 50
806060 40
739350 60
333852 25
971725 28
44400 76
864950 96
336990 70
243432 25
433850 66
1560 55
857400 27
767710 60
608880 25
609700 39
615176 50
83320 65
746780 85
288700 88
464100 12
68100 46
687810 50
325936 75
925875 40
962864 25
822250 76
924420 50
337555 20
712215 60
293560 5
692050 6
636500 32
279300 42
483112 75
39826 50
846825 68
497144 50
387340 80
730500 52
570850 78
558496 25
706420 35
408060 30
617100 34
246600 36
933905 40
735384 75
129460 80
197825 96
278000 71
556960 75
485778 50
445595 80
74310 50
354472 75
998750 88
981132 25
734480 25
584855 60
229875 68
613460 25
680942 50
461900 68
852964 25
364450 24
792646 50
381200 27
547625 24
875792 75
453135 80
695950 66
482058 50
365360 65
671368 25
6600 70
792960 90
939908 25
192884 25
465900 87
911698 50
963900 89
139200 40
71500 31
802420 45
920950 70
700460 65
229745 20
596200 66
514200 4
921232 50
911150 98
477640 95
835200 86
212575 4
664025 12
368775 48
3050 20
523675 20
207300 44
865050 62
363750 66
166540 80
814100 56
660450 30
85000 53
466975 20
455720 10
348875 60
584600 70
520600 84
64828 25
913540 65
511476 75
802875 92
385150 60
732370 30
505236 75
938728 25
707000 75
534796 25
920076 75
264380 25
125004 50
514920 35
810375 4
180796 25
142392 25
679330 90
815200 56
857600 36
723850 16
591535 40
498505 60
38875 8
721330 40
279594 50
541700 29
644900 70
757760 15
415784 50
491230 30
196280 20
406854 50
473310 80
929350 40
851700 47
869400 8
936330 70
559820 5
3940 85
681795 80
645300 48
151680 5
989080 95
428080 5
786350 28
179500 9
840200 86
668290 30
69950 26
382225 76
915250 92
390764 25
940270 60
278465 80
643044 25
930950 48
202996 25
991860 30
554415 60
345260 20
60752 75
114520 75
760350 44
584536 50
192500 69
305935 80
112850 58
274710 90
225355 60
890200 97
846450 20
208650 12
927180 75
361348 50
429572 50
592090 60
920950 38
92250 62
873025 32
765660 95
223600 36
765708 25
272960 20
579000 23
488350 28
819395 40
365824 75
709535 40
507345 40
182728 25
541566 50
320100 1
766720 70
384450 28
347300 96
848502 50
446160 45
718750 88
207675 44
497128 25
123828 50
241670 70
123650 20
284700 29
238480 60
13360 55
446250 80
569590 70
880732 75
495110 70
488500 40
642630 30
615175 24
165304 75
16400 71
189340 25
121820 40
912925 4
596800 82
601025 32
231850 6
143140 90
633275 44
848440 45
590385 80
186725 20
754284 75
855068 75
422700 68
591800 59
999890 10
763160 95
911105 80
622650 62
949555 80
269675 64
955570 30
486565 40
52220 85
288470 60
425250 66
824464 50
52300 31
845850 54
676850 80
222520 50
516552 75
701680 35
58870 30
662350 74
423950 40
737584 25
640520 70
47445 60
500245 80
954850 76
956580 55
652578 50
786465 60
514200 11
948900 55
314865 80
52730 90
365390 20
600370 50
133200 72
858175 68
544090 20
73498 50
826650 50
795950 80
514600 41
977344 25
800700 60
615000 88
636740 70
891210 70
625575 84
219250 24
295836 50
24200 90
779380 20
497060 5
609100 84
684600 15
952850 88
559435 60
4110 80
938645 80
459720 10
907555 40
86635 80
479200 3
215850 46
747300 28
484105 80
825560 95
24970 80
21170 80
358000 16
881600 52
863800 4
372450 92
69820 5
273970 30
920340 55
351180 65
305595 60
862498 50
217866 50
429026 50
619485 20
454650 12
6680 90
129405 80
55448 25
987040 30
745265 60
306925 60
566815 60
18264 75
125615 60
777500 26
670766 50
107368 75
707692 50
484200 61
265860 90
609084 50
855000 1
968900 11
620385 20
396875 84
709025 8
319600 32
989558 50
338880 40
31750 18
795700 61
124025 76
958930 80
492000 66
141400 96
353520 75
680460 80
184775 68
631950 2
277618 50
944598 50
548050 60
401780 55
691325 40
716560 60
794360 20
334800 34
637300 17
993500 82
914420 85
631400 48
743900 44
752400 50
37908 50
521530 10
869980 90
414240 50
364300 34
307930 40
86360 45
800370 60
512175 12
883520 70
172438 50
966700 96
62750 60
366500 29
766024 50
979555 20
356292 50
258350 30
376935 80
448620 40
379982 50
56350 94
112725 20
316252 25
160665 60
851300 80
162525 60
558200 77
422184 75
519315 20
327000 79
885540 80
139250 78
977000 21
576900 29
923970 70
698450 98
172270 40
979450 58
429800 44
996400 62
178825 20
203168 75
77225 52
166540 10
294876 50
261266 50
933168 75
511250 88
650000 73
262725 88
418416 75
535415 20
930160 20
810134 50
313100 27
363180 85
547760 50
771372 50
746700 57
771772 50
306610 90
799800 18
714850 86
882500 47
695500 43
937080 90
495620 15
577924 25
796475 60
814072 75
199850 70
298240 50
865912 50
544250 42
415300 8
345900 87
673094 50
355582 50
356040 85
129808 25
992400 68
791375 28
746300 87
585640 70
529925 84
283550 70
528730 60
164125 52
571880 60
194800 62
544210 80
725220 80
212930 40
867400 20
509635 60
930040 85
750600 71
276740 10
40142 50
708060 80
918620 15
661475 16
551000 22
53950 28
604052 50
268400 30
133825 28
468120 65
579090 30
593240 75
416180 75
927740 30
255410 60
165525 88
989568 25
106470 70
804065 40
435700 26
111000 86
697550 54
382996 75
345300 43
864460 10
987620 5
716900 40
554200 84
270500 63
861560 15
836410 80
485630 50
712400 45
661440 50
469720 70
332880 15
334245 40
249180 75
684330 10
609815 20
186820 90
496200 91
920725 76
792004 75
217000 43
578340 5
395300 29
474180 10
676400 5
621000 11
235880 95
786070 90
971560 15
17320 40
90536 50
693650 42
630300 39
175380 40
831815 20
677150 14
465000 73
706596 25
638900 54
632100 81
483490 20
317070 60
985700 92
905974 50
234115 60
30650 66
795136 25
668300 33
854804 75
655600 18
954600 29
335190 70
274300 58
689082 50
137075 8
327852 75
254496 75
41250 80
155730 40
565270 30
199880 35
122710 70
440840 25
588462 50
720164 75
431350 16
325400 81
761132 50
188205 60
814600 52
720775 92
337350 16
351772 25
585988 25
527600 24
408255 20
622060 55
356200 22
94550 18
708940 80
79510 50
676425 92
687908 25
458504 50
111410 80
23935 60
382430 30
332725 88
552250 14
155500 23
796780 75
220350 92
383870 90
318980 45
876925 40
900300 62
72875 48
822804 25
100488 25
11850 78
412560 45
386325 44
951850 62
123416 75
739875 72
458500 47
144108 50
358550 28
11700 62
959480 45
776130 40
785800 24
963980 70
514225 80
409700 41
548475 4
266890 80
856050 8
863300 62
203748 50
86965 20
811970 40
152078 50
621300 90
235288 25
506990 70
884230 80
601400 55
894575 36
273450 34
846984 25
669600 91
908350 4
861080 85
473575 48
441200 89
121432 25
913352 50
412500 68
157080 75
665150 64
338000 26
721100 52
666625 68
467900 6
147210 30
336200 50
488208 50
861200 61
84280 60
89924 25
797350 30
386700 88
545644 50
825120 45
49340 85
694400 72
652350 42
8125 44
880672 25
818442 50
374536 75
173625 68
946924 25
205950 80
143140 25
230920 10
359575 80
562150 48
239116 25
925 44
228925 96
488675 28
82960 55
180492 75
76775 80
643925 72
302100 58
833372 25
200925 20
176050 74
273184 75
861900 43
443800 11
934450 84
845020 5
957250 22
315560 70
471100 20
409765 60
817992 25
37416 50
30950 60
469840 45
118500 98
425100 80
440900 22
261200 35
50050 8
381620 30
564125 76
833975 44
432952 50
406010 90
645275 24
71425 96
886200 32
607995 20
113900 20
806620 75
504575 96
922725 28
383064 25
756332 75
223300 65
823280 55
130700 82
559225 4
801880 55
56150 26
163750 42
320744 50
405762 50
708935 60
504870 90
35500 91
796688 25
247510 40
460760 55
826290 40
897350 2
2110 60
141990 20
725700 69
341275 76
255100 13
353150 4
973768 25
35134 50
24272 50
623300 98
333420 50
756540 35
226100 40
172250 30
474210 20
960812 25
476750 60
297260 25
515725 40
281350 18
777520 90
69240 5
987840 65
676600 21
812200 47
82450 30
360600 10
291150 54
344336 50
934844 25
529120 75
392060 30
895780 65
472672 75
676400 16
40825 72
385244 25
834125 32
875400 81
114800 98
933650 8
740200 75
441010 30
133350 62
14150 82
691525 4
842550 24
368360 90
757425 72
623670 60
300670 60
990600 16
859936 50
609910 80
719350 44
844390 60
559710 40
484735 20
836772 50
670150 30
98190 60
498175 96
783200 33
119520 50
922525 44
304320 55
308300 27
385500 76
313900 65
864496 75
633786 50
351140 95
669850 98
69150 60
224720 90
290684 25
53875 12
201034 50
406400 78
21950 28
277775 12
922648 25
864888 25
696135 40
312840 40
217890 10
565600 60
635228 75
909120 50
833865 40
7320 30
351200 67
124100 83
82875 24
258000 12
206700 3
459175 36
227900 75
527600 52
842730 70
800800 13
981550 22
450070 40
603120 90
5440 35
5590 80
637100 29
704120 85
967110 90
224200 78
643300 82
229300 27
924715 60
578780 15
935248 25
261848 25
39968 75
477100 98
125360 90
957400 15
472200 26
34480 35
929400 92
192045 60
931250 8
328975 84
900940 70
464766 50
53960 55
788522 50
583512 25
974120 90
884225 60
320912 25
836800 32
975775 96
673775 80
975925 24
987880 65
924820 65
764620 95
282000 88
254644 75
164932 25
284292 25
278035 60
155010 40
406950 38
32715 20
349920 15
269340 10
662414 50
45400 58
331738 50
5538 50
443950 42
701450 98
531255 40
780365 20
396955 80
338304 75
635700 45
960000 6
52502 50
649492 50
227100 41
500200 68
742455 40
819900 87
78200 28
999236 50
895280 55
496150 22
552300 16
642420 50
650124 75
510875 8
704168 75
495640 30
312270 70
850880 5
295755 20
862480 50
742265 20
685355 20
205300 91
461075 56
542600 39
275280 60
946352 50
39690 10
256900 33
435964 25
254700 5
132770 60
347956 25
66840 60
624015 20
209850 2
462190 30
905100 91
429800 53
368180 70
715225 92
416300 41
496284 25
487310 90
286690 80
120500 96
20010 40
190375 44
878572 50
77000 48
233708 25
892500 80
135875 16
798260 60
89790 80
439500 85
10484 25
325640 15
287560 40
644500 5
893160 15
773836 25
47640 75
497708 25
696050 2
1400 68
419875 20
963445 40
898770 40
995945 60
987650 88
781565 40
753500 29
433734 50
600460 85
773350 36
980372 50
728675 16
703568 25
662600 82
347010 30
857904 25
758030 30
504800 80
80525 48
426380 5
875100 52
749610 10
823395 80
937625 16
260205 60
500180 30
499800 9
798356 25
202650 72
623495 40
826236 50
529225 84
86150 60
696600 32
405260 90
466575 20
833500 57
655700 78
947540 80
319545 20
574040 80
447324 75
461444 50
556400 30
782200 59
653040 60
7448 75
354900 41
510260 60
289190 70
877448 50
168885 60
918900 60
47600 34
31200 74
339180 45
146450 80
655840 50
473740 20
925455 40
138995 60
853300 77
274812 25
733175 52
704536 25
620330 70
441620 55
241850 42
714720 10
321450 88
435200 28
677760 45
146780 65
496188 75
952780 10
602200 28
875730 40
834950 66
535800 40
27200 37
318175 96
569068 25
649328 25
799298 50
989200 42
117940 95
730096 50
102720 15
560480 90
932375 24
694240 90
80585 60
265675 84
175580 45
305700 86
758000 4
625660 30
437425 24
836760 55
704875 84
102990 90
992990 90
894200 18
450200 75
22326 50
660144 50
376330 40
315064 25
765028 25
516650 60
603790 30
122100 27
517215 20
495964 75
158325 60
996700 9
903750 6
351648 25
60550 76
858680 85
457056 75
160520 30
133776 50
980780 60
272950 70
790440 20
649776 50
679350 12
204500 28
578725 52
865384 75
811635 40
697875 52
715300 87
662460 50
579740 35
36970 70
559525 48
167640 35
876600 35
124700 11
48050 8
710932 75
821514 50
375715 60
933324 75
414095 80
247575 80
794776 75
855400 38
553925 4
966244 75
862800 22
329715 60
770696 50
888112 50
995225 64
275608 25
587200 27
710995 80
597364 75
338034 50
815560 85
490340 15
134860 40
301520 10
199375 32
610900 36
258270 30
155000 67
544600 25
357300 68
998420 10
828680 80
193230 20
791320 45
456266 50
213350 82
664865 40
132160 75
184000 10
903125 80
983756 50
460146 50
383840 90
203490 20
863660 95
614590 60
353425 64
829256 25
966728 75
160525 4
646185 40
882404 25
454850 88
590100 75
521700 61
663314 50
141200 48
998880 55
29555 80
847040 20
165885 80
712200 56
996180 85
540850 70
105945 60
920838 50
245180 30
69640 90
86560 65
295365 40
235110 20
533904 75
284580 85
388604 25
795715 60
776720 15
237250 68
73925 68
79505 20
971650 12
633625 68
782420 65
135735 80
798650 72
589130 20
102615 40
106376 75
653940 25
323500 62
750448 25
555800 83
381582 50
937625 68
811920 45
554575 84
921464 50
182375 80
796610 40
701740 95
605750 24
1700 64
358300 16
469500 41
659676 75
647900 21
68050 76
435078 50
322080 30
189090 70
613914 50
501050 54
742136 50
762890 90
748755 80
57475 64
308570 80
228880 75
31500 60
8150 72
399775 44
662428 75
294718 50
789976 50
148925 12
955246 50
853325 16
603240 95
368690 90
296755 60
327300 94
86532 75
354710 70
30464 50
35320 45
656546 50
968010 90
741025 24
184885 60
380840 65
269200 21
831780 55
853130 40
135200 76
663744 50
229225 16
374400 9
585024 75
842105 80
861260 35
107044 75
19435 20
411062 50
689775 12
398396 75
740800 79
680898 50
407004 50
948008 25
460375 28
637168 75
33100 24
227975 92
769870 60
591600 33
221350 34
715402 50
811000 2
69995 40
917750 90
204775 44
553600 64
364330 70
502675 12
918446 50
297170 10
703400 17
469100 33
850255 80
215600 73
281260 50
397000 85
354900 41
478685 80
553640 85
540436 50
631685 80
680900 15
827572 50
47175 76
195215 80
971575 92
674550 48
417525 40
784525 32
432540 30
853100 69
76730 20
856975 48
325450 72
751720 90
668252 25
465320 95
483625 64
64412 25
30910 70
62088 75
714786 50
550500 59
385400 83
733350 64
879730 80
544280 25
681692 75
313856 50
257300 93
885296 50
89350 76
785000 45
473870 40
822350 30
254355 20
268420 80
367220 75
686800 31
569950 14
110775 44
954920 95
792410 90
569900 17
891432 25
666175 76
58320 30
144902 50
751970 50
148660 80
203385 60
642000 45
671400 66
842350 96
578325 48
484928 25
700534 50
785600 56
711224 75
679075 60
574120 85
432400 74
960730 30
615220 30
601875 56
46020 40
670868 50
641608 25
781582 50
311500 72
897400 61
287300 16
155524 50
201796 25
325736 25
593642 50
439860 10
307080 60
798370 20
945670 20
990800 37
901730 20
815600 74
802500 56
396625 40
269500 61
127775 24
962140 75
521760 80
621820 50
160040 95
153500 37
104525 72
991950 12
615792 25
502275 12
468365 40
456132 50
974295 40
881400 24
104500 13
560830 80
335100 68
386608 50
64920 35
42680 20
541992 75
871600 39
357340 10
690478 50
718000 58
7175 12
413950 24
340000 72
854946 50
936100 28
202008 25
840950 46
195750 30
949720 30
692475 28
586495 60
458594 50
776920 35
113570 30
197975 48
4800 1
733000 94
814325 84
527500 96
59100 1
510455 40
755398 50
388920 10
310050 94
383356 50
645000 74
194800 12
493425 32
172205 40
899448 50
723565 40
697450 74
533900 67
343890 50
115140 60
978300 45
980975 64
395382 50
166600 68
521912 75
870212 25
404680 65
39875 4
634880 10
30736 50
593200 94
7965 60
827175 88
802678 50
127812 75
49140 70
456665 40
158800 56
46680 55
818260 45
794300 21
521640 90
587980 55
28000 60
605360 25
883175 52
772500 77
869435 80
104275 48
749870 40
145460 15
17282 50
902490 20
270120 55
536600 45
34500 93
862825 72
196544 50
108730 70
507825 56
854424 75
163640 75
586225 40
411975 88
43500 71
652500 69
773675 76
820050 36
751840 85
337338 50
447190 50
240075 36
478622 50
39110 70
173500 62
864450 2
564800 34
433260 70
444445 40
737045 20
459785 80
443990 60
515000 40
257432 75
111475 84
917300 41
854095 80
109800 37
565775 92
557456 50
516530 60
860145 20
374960 20
443525 16
446365 40
879060 30
435745 40
798950 46
810200 39
568200 36
448100 89
172975 8
720260 15
149400 23
259880 50
124940 40
102780 75
679100 72
371842 50
802125 52
751200 75
307090 40
735160 45
626225 72
840600 23
477075 56
807500 95
166680 20
180665 20
934208 50
1480 30
160900 51
318050 78
538235 40
991825 68
686600 3
223150 30
25530 50
397080 10
908240 70
856400 7
221075 44
977145 60
165768 50
62360 90
572520 5
954380 40
729448 50
21415 40
811450 14
390500 38
864050 64
370436 75
28900 67
120686 50
50900 7
118772 25
506930 80
425820 10
25520 70
873750 76
660675 36
995900 96
114064 25
293660 50
971640 90
34260 90
379675 44
999222 50
522720 15
140525 24
953780 10
510100 56
414604 25
170370 30
28715 80
511000 31
756650 82
397060 20
179150 74
162612 50
825350 2
714675 8
78510 60
602392 25
978210 30
560260 55
396300 58
499370 50
925850 52
699352 75
254292 75
656830 60
98500 97
566640 70
489225 48
424860 60
754550 6
592100 33
926920 30
112000 93
31748 50
609850 20
940225 96
1750 38
26050 92
355300 75
931700 1
145250 44
36700 58
671065 60
925050 60
613400 8
954430 70
940020 70
788700 6
703200 68
135664 25
101860 90
689850 14
841890 20
32895 80
390750 22
790500 22
821358 50
703800 43
590800 92
261100 85
410615 80
411800 56
952485 40
194420 5
96650 56
345110 40
789000 91
232350 58
530075 96
919350 24
359295 40
711532 50
787960 35
232960 20
271072 75
100876 75
127630 90
814845 80
888300 61
207805 80
109630 70
629355 20
854825 20
806590 30
218764 50
59950 18
574060 95
266525 96
45004 25
811800 82
564600 95
604292 25
886200 74
169950 50
480060 15
206565 40
662660 40
666220 10
783725 24
116300 81
246044 25
808100 94
87020 65
38266 50
954790 90
168500 86
495040 25
986300 94
511600 82
266700 45
943036 75
462776 25
223484 50
54350 50
15900 1
89940 80
60400 26
670975 24
213420 85
610780 70
211624 75
180250 80
113250 64
941968 75
696300 85
761250 4
790364 75
941675 24
105025 16
701775 96
146154 50
980792 50
91025 64
241500 97
474368 50
673780 20
576225 80
382550 66
213715 40
890708 50
590330 60
805750 82
240150 10
987100 17
315250 76
10730 50
804475 36
825300 69
348760 60
847585 40
98915 20
538140 75
735325 64
704220 10
743700 73
883300 46
8750 88
307100 28
174500 4
440870 30
903950 54
312800 14
139100 60
795900 24
384140 25
963492 75
812460 60
16285 60
820772 50
227700 61
556745 20
740965 40
691950 38
959780 85
304872 75
872896 25
791300 11
218625 32
668220 15
461716 50
233428 50
452800 97
928450 42
880680 35
892410 90
999255 80
945650 52
807000 8
470200 38
811844 25
238900 33
944070 90
193244 25
790045 40
43800 61
124684 75
785750 50
730250 58
321310 90
384868 25
93480 20
702570 50
744800 10
187088 25
383904 50
212400 66
606520 55
561380 30
148950 96
517225 84
561376 50
773445 40
364905 20
696280 80
128060 40
453780 75
507650 94
424680 15
711500 40
777100 97
291830 10
209960 70
400254 50
794825 44
121050 62
335108 50
397350 16
885450 64
591600 65
638355 80
543800 68
739350 36
394320 45
730525 36
247850 58
115450 36
620204 25
513480 35
681018 50
660524 25
626470 10
804788 75
70250 12
404850 64
549650 24
381200 85
218720 40
176672 75
688762 50
577200 96
576340 5
747368 50
817900 53
103040 35
808510 90
208366 50
141400 11
998450 58
283760 55
844175 28
165200 23
879580 25
962904 50
815720 20
490350 68
802180 35
871880 65
613028 25
150018 50
364825 56
57490 80
92210 10
49840 55
424140 95
506600 14
271644 50
810136 50
785525 12
938100 95
180632 50
557300 89
992220 40
417600 6
826672 25
317408 50
486420 35
543250 82
394925 40
392050 18
273825 80
778792 25
530752 75
170610 40
943000 28
942785 40
494000 28
129496 25
510780 50
540100 89
258200 81
485000 19
927665 20
96355 40
102260 10
415325 24
803900 24
427525 64
886800 84
308290 90
624600 53
227140 40
463950 50
813625 88
689840 40
844350 36
670600 4
605725 40
874828 25
263730 40
909200 45
801485 20
321838 50
124320 40
866480 10
986350 66
399825 68
251460 35
893440 70
297550 86
55775 72
566365 60
998720 30
698075 24
106050 94
16696 50
803324 50
707752 25
590140 25
538800 68
359615 80
732040 75
56050 42
828874 50
630025 60
511480 40
295750 40
734450 64
815768 50
463575 4
929520 15
822760 35
651820 95
344136 25
627950 28
91400 24
892550 4
525275 40
559840 65
262025 80
520068 75
799260 70
506175 84
364895 20
243276 25
600850 46
28900 41
100350 74
423425 20
522660 40
575150 12
942885 60
724920 30
872900 87
394785 40
76770 60
710962 50
763720 65
358170 10
134375 60
142632 25
661280 20
113450 80
512448 75
106760 70
117465 80
301200 71
245000 96
882240 20
600650 2
320616 25
629775 32
900100 59
469100 92
775720 85
851100 18
518120 30
891450 30
638592 75
371514 50
137860 15
956420 50
169788 75
359650 88
21756 50
178725 20
7832 50
846180 55
277950 2
719190 70
532950 44
777960 75
390575 84
806072 75
849350 82
145820 55
110250 26
339000 74
838980 25
40140 55
373400 38
517376 50
23200 23
468836 75
560160 75
263950 98
785300 15
635850 6
418126 50
998632 75
206170 60
760470 60
604664 25
518975 80
712260 35
692100 60
617240 90
599572 25
331700 22
2425 20
228940 35
822600 30
716400 9
357675 40
727146 50
916300 27
411325 60
891080 10
649530 20
299700 26
833568 50
932165 80
75100 45
844700 9
457966 50
157595 80
862410 60
167435 20
560100 44
403700 88
29450 64
157508 75
770600 52
457500 37
566765 60
219320 80
432900 22
576424 50
950650 56
211500 57
853050 4
561325 60
865650 90
511850 86
577820 15
676468 25
495450 8
277160 10
103496 50
248016 75
129675 8
84350 80
383500 98
937325 16
786225 16
343400 8
301956 75
899650 22
519625 72
769200 87
421810 70
983570 60
993795 40
629700 64
989174 50
500142 50
882308 75
846660 20
611510 30
165400 7
310100 16
515300 23
473400 31
452125 24
68256 75
355850 48
740964 75
514175 16
708846 50
28300 84
99144 25
38940 25
815950 80
557520 90
752100 50
808000 89
489500 85
181330 20
230128 50
608340 10
558300 14
479780 70
941032 25
895040 55
188080 20
209100 95
56150 64
411576 25
166225 36
926050 60
128920 25
655025 92
551262 50
747050 68
281250 28
909200 48
179550 34
91720 80
338450 86
18760 10
204815 20
259150 94
319652 50
341375 44
985540 80
834394 50
601684 25
617500 29
529675 32
955050 42
104275 28
430650 80
764400 85
490350 60
637165 60
655564 25
866700 14
575400 9
407684 75
239020 25
420525 68
165925 44
249300 57
396580 85
192850 16
110820 15
568700 70
314975 44
49820 40
135008 50
658185 20
710700 69
86525 12
965765 60
93070 30
780370 60
94848 75
847876 75
898648 50
584072 75
557136 50
172570 90
684870 30
812885 80
782440 30
609015 80
497742 50
374850 66
539700 63
170450 54
342268 75
924710 90
178075 76
20150 46
11905 20
74840 5
922625 48
62600 55
20348 50
23360 65
833800 95
643418 50
544476 50
197150 94
445200 24
142200 91
371275 20
58550 42
690164 50
865900 11
128850 46
630524 50
291996 50
985040 75
437390 60
181510 30
740860 70
259660 50
345450 12
945410 10
431800 88
61194 50
551230 50
201590 90
140645 60
80100 48
163800 40
824310 20
75215 60
883075 88
460200 37
327875 96
159608 75
905140 30
74422 50
149400 39
422480 60
723040 15
558348 25
148000 68
293225 40
906140 45
73440 15
983220 90
499776 75
378925 68
901075 92
794812 25
819868 75
498492 75
899440 5
754700 69
423280 75
495950 50
110800 18
915704 75
379700 28
832125 64
447100 62
548000 9
649720 45
109382 50
328250 96
309036 50
341028 25
19300 46
83242 50
603492 75
301470 80
23375 48
552000 47
448572 25
619360 90
310910 70
334880 10
829760 40
403780 20
9250 76
847022 50
29845 80
219200 36
448118 50
512825 84
58200 87
262115 80
146584 75
44200 36
679500 71
215175 20
327600 27
603925 28
126050 48
650430 40
588990 20
939664 50
393324 75
991300 47
477150 86
726000 98
687000 62
117290 30
254540 60
578286 50
758750 66
178575 4
813425 56
691528 75
85880 25
615280 35
334425 36
559300 75
828590 70
193120 20
955356 50
577275 88
718372 75
705330 80
485700 65
335554 50
482650 16
703776 50
724875 32
95300 47
827352 25
398430 40
418300 4
100400 54
832470 10
978175 96
453544 50
12100 28
245025 80
562450 8
900800 20
492138 50
50400 66
798425 28
679472 25
39515 40
663650 90
813744 25
809300 46
976950 78
98920 5
957960 80
229180 20
467200 13
909912 75
838300 35
171576 50
984880 40
322720 95
344575 84
976800 84
912500 45
542680 80
853800 94
43545 40
947205 80
909800 86
528610 80
41450 50
475650 38
857515 60
338700 31
748630 70
700 37
591110 10
396520 30
670050 72
410130 50
696350 28
321070 10
387750 4
108900 46
517010 20
281025 20
263676 25
730725 24
481450 4
722480 70
655220 45
810415 20
863225 40
565400 11
102600 59
372050 96
261100 44
429075 56
648625 72
194500 80
424825 36
157350 44
833000 47
30700 86
945692 25
733825 16
70710 40
293125 24
838020 15
91200 4
519300 92
661214 50
296982 50
956600 69
812825 48
390278 50
571476 25
676200 13
676875 24
48200 34
727475 48
128700 49
668060 95
200000 29
846850 34
851934 50
109060 50
486800 63
955760 55
593340 75
484776 75
284475 8
738055 80
756800 38
630948 50
874725 20
653500 31
549490 20
789105 80
500864 75
420968 75
691100 3
889050 92
602625 72
894202 50
259900 20
127700 39
318396 75
3072 50
273560 25
972904 25
494920 40
485100 61
186088 75
233445 80
702644 75
765284 25
87600 62
946660 60
303044 75
140226 50
48000 98
177700 25
623800 66
400385 20
527900 38
253085 40
105450 78
625650 60
575260 55
145906 50
949824 50
879890 80
127542 50
451075 32
998804 25
339300 69
365890 20
994920 75
547450 96
218840 45
984626 50
818455 80
180700 31
629710 60
171585 60
585600 70
782800 29
439525 4
908970 60
627925 72
227125 12
564100 50
215768 75
24850 62
912988 75
713320 50
428132 25
754300 46
45000 84
286470 30
755190 10
961690 70
550455 40
183444 25
770700 37
947350 96
410864 25
529500 35
533200 55
236800 13
959600 54
87800 5
34028 50
385230 20
823600 59
895250 70
739150 74
206150 84
339880 40
626596 75
512950 88
875342 50
301100 75
349080 90
255050 98
596450 2
125168 50
669120 65
594105 20
337950 30
620595 40
801540 10
30475 68
185796 25
569865 40
421738 50
707136 25
582260 55
599692 50
364628 75
560 95
803700 36
27100 82
784200 47
916100 26
912700 18
51332 75
308025 56
662175 24
847150 98
321605 80
99152 25
700600 68
348340 5
518920 50
827610 10
708560 60
154338 50
577610 30
365700 94
189725 16
962620 80
11940 10
986784 25
492000 38
793125 36
472660 85
503700 96
448246 50
519960 20
438680 95
16050 24
564538 50
25760 50
459425 88
353550 58
641040 35
129572 25
429385 20
373275 96
892445 80
61855 60
982700 53
34860 40
839020 45
298325 64
806755 20
510465 80
689640 55
240840 5
94415 60
466500 74
268180 55
774624 75
17980 10
319140 40
152450 32
311256 25
636500 30
568275 68
861675 40
938870 40
342505 20
688112 25
981338 50
348532 50
288000 36
407305 40
458954 50
548600 81
709700 91
367700 93
914200 19
940260 70
509400 82
154886 50
67800 21
739175 96
412200 89
540652 75
811700 19
900750 60
499995 80
724320 65
660104 50
641810 80
370324 25
115300 13
471850 98
47000 66
981920 90
4175 4
638940 5
183346 50
916876 50
464600 95
518950 82
873900 84
416720 85
127940 60
756550 98
268250 86
331775 88
223990 40
754216 50
930440 75
308848 50
380700 6
39968 75
728740 10
190730 40
782930 10
106568 25
208200 68
663185 40
472875 52
790045 80
602800 60
81930 20
392345 40
344390 60
715868 50
224080 5
865852 75
110110 10
709508 75
503875 76
140300 33
570830 60
852500 49
311382 50
9980 65
219824 75
495805 20
108965 60
455900 34
10100 57
136875 92
185076 75
228566 50
434352 50
812100 71
874850 90
594340 60
331950 60
497875 20
877836 50
295000 37
476 75
584800 19
318040 55
509560 35
73800 17
603025 16
521164 25
206650 78
522700 39
974900 37
161530 30
842650 14
862150 32
190960 70
688460 35
917550 80
147200 11
411725 84
523010 50
237785 20
307925 36
285290 70
152360 10
670700 41
644900 66
69850 18
378058 50
427000 87
12650 78
940962 50
49444 75
252300 83
756510 80
668840 45
517300 95
651325 60
380592 25
34715 80
121138 50
207640 80
786308 25
384104 25
46420 95
412400 59
773560 45
123152 75
958850 58
405770 90
516500 6
646900 72
273385 60
855300 61
336250 62
18520 80
562640 55
532830 30
242790 40
291384 50
188770 50
481648 25
327625 80
433380 60
155280 75
721250 2
392600 8
406200 1
183800 82
563550 56
80300 4
803150 14
535696 25
700500 35
296370 50
234425 28
211325 32
591625 28
70898 50
513945 40
289800 75
880930 90
823880 15
239680 30
570630 10
806550 22
175444 50
972200 44
75600 10
159215 80
666640 55
817475 80
61225 44
172272 25
456210 50
235715 80
270925 52
125972 50
554784 75
638000 33
409300 55
773300 3
902450 58
855500 49
451510 10
951450 46
584875 52
113700 6
803400 13
361882 50
401470 20
163250 8
589530 20
63050 62
912975 64
283488 50
257900 90
575300 10
830900 89
172125 48
856025 92
792625 88
897120 95
153290 30
565125 48
382076 50
634675 84
82265 20
492018 50
257750 86
412250 34
125550 52
504820 85
47125 36
566400 90
56325 36
593800 41
289735 40
366312 25
636186 50
395500 15
362575 24
300036 50
238175 24
352860 5
526950 62
434250 64
160300 95
317665 20
667445 20
428460 65
470200 64
466290 60
778250 12
360950 42
885074 50
31905 60
490950 50
878725 68
362225 96
735406 50
68445 80
183750 28
129500 27
916875 28
340650 96
318284 75
141165 60
975650 64
993350 30
867190 40
91200 54
158318 50
350800 32
577328 25
917528 75
190560 10
529700 62
414050 40
965020 85
393270 30
997840 55
46020 75
937200 4
329150 52
916925 20
42850 2
261400 17
307630 10
466390 50
228200 11
428620 5
26070 90
306360 10
948980 50
367228 50
3650 68
859400 38
227624 25
432080 10
816300 43
487264 25
806700 15
342288 25
703000 93
19250 42
860850 34
969700 31
443200 1
94240 20
184650 80
411650 96
951680 50
863460 70
853948 75
507084 75
272650 86
669680 60
711500 13
66000 62
681360 60
775596 25
77815 40
672965 20
498030 40
437960 40
697650 74
176680 75
186100 88
180240 65
993450 28
539350 18
583600 56
306500 33
218680 95
680650 66
432800 60
505920 90
953500 82
286750 84
884690 10
569970 40
277520 20
234960 75
306512 25
167370 60
72000 97
630950 30
301045 80
653500 54
816064 75
788150 48
499250 68
390140 30
710896 75
810168 25
608800 69
836700 21
703300 50
914532 75
932355 40
364700 21
715044 50
946000 24
96936 25
613000 21
661294 50
299464 75
510720 55
952270 80
229900 56
952850 22
304800 61
539200 65
223624 75
384610 80
381540 15
499000 63
212040 5
590970 80
465500 20
32000 39
920340 25
578000 51
774325 64
679455 60
580275 64
384040 35
324836 25
117125 48
161000 49
612972 50
220050 90
180900 28
614500 84
303310 70
26392 50
47796 75
347900 19
619700 54
866075 96
788665 80
47145 80
313280 70
253944 75
580425 28
369075 88
255700 89
586624 50
378160 20
658950 44
918720 40
746440 15
951100 2
675750 12
2315 60
630400 54
248976 75
775236 25
709025 44
73334 50
370375 4
61500 93
620872 25
265600 9
238522 50
756860 35
454230 80
701555 80
678680 50
367470 50
449050 44
304572 75
252400 86
975300 80
199525 4
466420 80
981750 14
996100 56
829100 69
594864 50
399650 76
476400 8
38270 50
14525 80
556135 80
154540 90
667240 50
734080 90
657800 12
182650 94
25425 92
659644 25
24200 96
265220 70
757080 90
664200 56
738640 60
395364 50
20880 60
179200 73
626600 39
227000 22
295100 10
138715 80
630334 50
571220 30
746350 62
917600 69
857410 30
34380 65
891584 75
435850 48
615900 24
604025 36
137016 75
260540 25
426580 30
224325 28
268148 50
926000 42
197325 92
744520 80
911700 59
227296 25
589064 25
22400 50
951348 25
223000 16
294605 60
42040 85
477800 83
777085 80
23412 75
879500 19
281360 75
282675 52
501500 54
824600 80
593140 20
690700 68
977220 25
104675 12
254260 55
550116 25
589682 50
120525 16
680400 3
960465 20
4120 80
628685 40
987408 25
548140 30
762700 59
340708 75
507500 17
656700 40
455865 80
762090 30
978840 95
254240 95
472100 87
869340 20
598495 20
171996 75
528100 49
394300 56
61095 20
264300 64
353140 5
400196 25
492836 25
182325 40
366620 50
317000 12
242892 50
939726 50
226090 60
976298 50
357280 55
372192 50
25 4
269965 40
577378 50
64450 52
672850 84
155120 80
899850 12
517800 75
984625 64
404650 66
866410 20
978720 25
522050 90
128060 90
222350 86
694910 20
268350 34
947420 20
903900 91
760396 25
622550 34
578860 15
300 89
811860 15
517875 48
137450 80
406440 80
705705 20
80200 6
589575 88
476005 80
472620 20
54305 80
722335 40
19772 25
454184 50
943300 75
80435 80
848550 8
42800 52
570460 45
954200 59
677468 50
614300 41
574164 25
262134 50
428216 50
127496 50
577130 30
698096 75
749860 50
432760 65
608650 72
751564 75
356256 25
722100 16
592500 38
94624 25
251450 98
899000 71
78745 20
163100 44
693705 20
934025 72
183600 12
288030 70
129790 20
140735 80
529250 16
983348 50
429270 60
87400 73
33750 38
522900 50
140 10
708680 70
496400 88
143400 18
782385 80
439810 10
948240 25
450200 75
329975 28
730850 50
810175 88
269000 30
650350 66
905220 60
797400 51
653150 2
536650 64
876860 65
787400 73
133525 84
262865 60
580688 25
843700 96
971820 25
437125 40
782440 70
215900 54
818400 45
528138 50
153840 70
770800 24
214600 27
584196 75
852475 80
141120 20
749700 24
888145 60
173780 80
966600 28
361775 92
478965 20
788600 95
409384 75
340145 60
211712 75
237200 91
165700 70
925558 50
725444 50
721290 90
255928 50
699800 48
457700 59
546960 55
996400 26
201136 50
420260 95
599475 76
139225 40
369650 86
533122 50
852128 50
744600 81
195488 75
94705 80
281820 55
954700 21
923400 16
822665 20
898100 38
778130 30
985436 25
616040 90
102700 73
575340 25
800790 90
596100 1
474940 25
118575 68
74300 18
937200 8
188520 95
711710 40
150450 90
763750 22
793800 23
838700 40
773712 50
806462 50
561650 94
497675 60
867585 80
930150 16
132225 84
332948 75
264440 55
206100 42
747204 75
418380 45
195760 40
252956 25
150820 35
52294 50
55700 6
952600 48
656775 68
605300 51
430950 86
464292 50
933200 71
962720 40
343916 75
410400 58
289950 2
757100 54
989910 70
691370 40
988905 80
458904 25
963328 75
792165 80
487675 44
892100 10
586152 50
319020 50
868950 94
336792 25
411300 97
580650 2
227150 18
988700 12
492280 85
341586 50
83805 60
684100 33
573320 65
110350 82
840240 90
5700 6
191410 50
489900 72
123095 60
991000 76
248328 75
595375 72
508000 31
614400 94
903112 50
108695 60
286475 4
786270 50
240140 35
908150 30
599974 50
654250 44
667000 86
809920 95
212400 58
167375 88
71480 75
218600 56
546544 50
119610 50
844290 90
470000 10
33950 10
454000 52
384550 48
435708 50
629200 95
333200 45
438730 30
844144 50
497750 82
860 30
520864 50
338864 50
893140 15
382045 40
587460 45
903548 75
961384 50
67775 20
867572 50
137000 32
390700 33
439815 20
635800 13
981640 15
418400 9
127352 50
961554 50
503430 20
872250 80
432625 84
818050 82
613768 75
421708 25
858240 25
699065 40
522725 8
132570 70
361092 50
477400 89
844275 52
411500 77
994600 77
513725 64
482230 20
14500 93
417562 50
503300 92
415435 80
440000 40
921660 75
541700 82
721400 52
374200 45
367000 16
806170 20
268680 30
206532 75
105540 45
9800 60
666430 80
708050 80
314400 45
645088 25
560720 25
877675 40
318866 50
212060 95
377665 80
568325 24
461875 88
870700 76
121500 10
371750 36
486325 44
151100 80
496450 62
480700 57
442480 70
894910 90
135350 64
143540 25
277500 31
183080 80
168200 20
11786 50
255775 40
878875 84
410660 5
228900 36
133340 60
366956 50
567050 88
579728 75
311374 50
775550 86
303882 50
50700 46
426220 50
756500 50
519960 70
93750 74
886600 22
910350 28
995168 75
375150 92
713850 72
896420 80
59595 80
525360 10
476430 30
450960 30
133200 40
309050 4
443340 90
807520 10
317296 75
528040 75
326315 60
325680 85
781150 36
802400 9
732740 45
971336 75
17890 70
64860 85
474400 84
966988 50
902212 25
309840 95
409575 80
321050 86
202175 68
849190 80
29600 73
723355 60
236550 72
931528 25
330000 77
829800 30
739600 2
597690 80
575692 50
230500 18
795950 78
792480 70
954700 6
617548 25
597865 40
195000 56
540160 65
5775 84
823425 16
229240 60
425375 52
565500 78
595875 36
664900 33
924400 81
587810 80
885180 40
699850 12
884475 92
138200 1
938660 50
796926 50
285192 25
409020 5
171020 85
407900 24
352350 26
373925 80
921664 75
814760 40
990588 50
887846 50
907650 92
997530 90
846650 66
976300 65
258300 78
826236 25
287960 35
892250 38
185316 75
28258 50
760640 55
187766 50
683445 40
859725 12
963850 66
80175 48
751450 26
165220 15
388420 85
102860 40
522050 72
368000 66
795255 20
758480 65
678225 40
202770 30
574740 45
74300 11
565600 32
292325 44
206218 50
592500 55
668860 25
326950 56
150032 50
284700 35
448900 94
539100 60
921175 40
95350 78
502280 30
445025 80
808980 35
437500 46
642575 96
536700 89
894950 2
849150 42
96010 10
74220 10
123550 40
185900 88
694900 48
792575 4
520375 16
648500 84
122075 72
607940 90
459200 25
792000 12
136800 77
783750 14
450100 14
956805 20
295500 82
567350 84
335940 65
86700 10
386525 12
643100 37
652850 46
895650 70
118336 75
932148 25
380310 40
73300 63
77188 75
197150 18
999660 60
460825 48
537616 25
503500 97
291785 60
137490 70
183040 50
327356 50
147060 30
168600 12
21250 46
748224 50
984190 80
432975 64
567000 82
969325 40
60610 60
385372 25
984625 92
135880 85
584635 60
596600 36
652748 50
791825 76
249760 35
336400 17
158395 80
62370 80
298130 40
896525 92
610800 66
600210 90
371736 50
390140 45
602850 28
969055 60
822250 48
102925 96
580200 33
525976 25
346875 76
27050 84
198900 12
668718 50
267500 21
716625 92
885252 75
516910 20
629090 30
213825 44
735975 48
150020 80
524245 60
27230 80
517732 75
83678 50
478050 16
135150 46
345432 25
881600 74
56632 50
983758 50
725840 35
479292 75
128680 40
282760 25
607175 48
137250 74
578648 25
781200 58
477120 50
941825 44
11170 20
607500 92
365625 20
371950 70
229265 60
382150 6
232400 37
813854 50
657800 84
314445 80
66852 25
375375 40
751340 60
580100 55
204475 12
916504 50
525564 50
287000 63
851675 36
970850 88
798088 75
437400 55
264200 31
816300 57
571870 80
977490 20
369910 60
781980 75
285225 36
73420 60
35650 54
464375 28
418720 70
102700 76
908665 20
961550 22
277072 25
922790 10
196396 50
613100 52
871350 18
558964 75
946648 75
802584 75
517812 75
249650 62
414670 50
542704 75
220550 56
351000 65
636550 6
972600 74
206562 50
847360 35
100144 75
310870 20
441595 60
268180 40
763500 72
187075 84
930850 72
171560 5
915955 80
749700 95
672568 75
333600 31
244000 65
939235 20
547080 60
324325 20
852125 88
896950 32
279492 50
378075 32
131816 75
243392 25
974910 90
675540 80
98368 75
56940 75
335100 40
150952 25
105728 25
231720 25
384260 30
283848 75
486400 51
933290 40
402804 50
494655 60
835235 40
753938 50
402970 60
160075 24
320630 80
232466 50
917084 25
475065 80
183500 12
237260 85
510625 76
709875 52
161290 20
478950 92
194975 36
557200 52
417910 10
206340 80
132325 20
808875 16
309900 31
818720 75
540920 5
524040 60
359780 5
392740 50
898820 55
479925 80
881520 20
277700 2
801400 9
828704 75
82340 75
111170 50
710900 94
829140 50
290680 25
740140 50
174700 84
784100 32
225630 40
392120 10
448900 19
591956 75
555560 45
39980 60
228200 10
177198 50
466380 35
268252 50
644840 15
364200 53
446890 30
707025 4
100912 25
129100 61
849150 12
183580 30
414125 64
897252 75
116632 50
943160 60
535400 29
364995 60
436900 59
932480 95
788840 10
643152 75
761456 75
76070 30
758170 80
17100 47
617700 43
631700 11
864695 20
173740 55
108955 20
452900 93
101072 50
7715 40
823216 25
182920 95
523126 50
197450 6
803052 25
201438 50
398650 48
576928 50
27194 50
111116 25
772000 71
946450 56
712300 19
788864 75
598400 30
400088 25
251325 8
367225 32
172900 69
975275 96
640700 17
84585 40
720888 50
667740 65
942350 10
728502 50
182600 89
101100 78
917486 50
146098 50
731825 24
508160 95
389475 72
235795 60
311020 60
549650 4
328360 75
73450 6
143900 93
443840 70
778840 40
58410 40
706200 20
758375 68
749134 50
48200 11
233600 41
148620 70
301930 30
906625 76
254200 46
944730 60
990800 12
19034 50
874902 50
671200 69
699425 8
623452 75
919455 20
973800 28
946925 48
695444 50
303120 45
783700 28
648560 45
170600 68
5000 34
325275 36
115945 40
830660 80
996475 52
714602 50
320100 83
757070 10
15876 75
600800 17
379300 63
883540 30
829848 50
331800 21
404220 20
790900 60
2036 50
219774 50
921875 8
816540 25
481680 90
724475 12
369442 50
446725 8
503800 39
969250 34
75850 30
199350 56
202000 67
81140 80
244300 90
781600 14
950525 52
201134 50
876400 53
488675 80
545400 29
97200 93
865604 50
675224 75
701854 50
626768 75
545900 58
619000 68
658700 77
532400 30
273880 15
428018 50
112998 50
819700 66
821440 75
314436 25
646500 38
863800 81
663360 90
197420 15
128610 40
811736 25
714850 14
704440 75
527994 50
927135 20
968944 75
638040 35
125125 20
733705 80
966175 68
338640 90
664700 96
2425 88
417150 56
813975 28
972156 75
941830 90
625020 35
133140 30
545525 28
199100 29
763025 96
167600 72
43400 78
846050 88
805684 25
864402 50
709350 40
563710 70
156500 28
135285 20
468820 95
984860 15
794050 40
284090 50
257932 50
941000 43
625700 56
472290 50
649940 60
205920 60
832525 16
525600 52
447950 4
281075 76
589300 95
143725 68
609965 60
42444 75
724760 25
699500 77
743812 50
99375 16
218525 40
822000 68
91900 72
649000 72
194724 50
4050 44
18700 59
39248 50
379775 28
384400 71
89830 20
91300 57
385525 32
630350 40
664015 80
347075 32
634785 80
414025 64
870188 25
490954 50
971596 25
822700 93
59140 85
646475 88
40120 55
877800 89
479800 89
372538 50
909925 92
723125 40
251640 20
534150 2
702308 25
241026 50
671368 50
527760 80
26110 30
806600 69
859825 76
114294 50
174400 63
890250 74
464690 10
804828 25
979525 24
940732 75
62575 72
69928 25
692050 84
775580 45
621500 36
624790 50
749416 25
543240 5
948955 60
281230 50
999625 24
112600 21
239000 20
132900 33
111800 36
119000 50
833020 25
174500 1
626300 62
44375 12
920188 25
683100 33
280606 50
384304 75
805050 78
635282 50
832075 84
339950 58
385516 50
712200 4
50420 95
509505 60
922840 20
97320 45
419175 20
493772 50
903475 60
241200 53
102220 85
127195 60
364250 22
357026 50
267420 55
269110 80
374930 70
292790 20
884852 50
17700 95
277122 50
938950 66
725620 80
739700 27
884000 51
490900 22
233092 50
216616 25
130700 58
483430 80
627946 50
716300 45
451335 20
571425 52
825966 50
712000 26
395300 90
693500 52
892275 44
767700 17
527575 44
402398 50
550072 50
922900 16
40750 32
432158 50
562912 50
479525 40
257256 50
597320 20
551400 71
180325 36
372875 16
99765 60
826650 24
270810 30
13675 8
762325 80
697322 50
737570 30
310940 35
700575 92
711500 29
545650 96
606200 58
121225 68
322600 85
205175 64
863920 90
124120 90
912075 88
264555 80
440800 87
841190 30
963574 50
69660 90
540290 60
604250 22
468082 50
485945 40
222380 35
819700 77
666385 80
381440 80
687800 11
16585 40
916860 85
585900 96
728014 50
439032 25
845600 10
156096 25
571485 40
955740 45
341356 25
925200 51
111335 80
161850 30
349616 50
351300 67
686350 36
307240 35
173450 26
733208 75
498040 10
74076 25
272954 50
517492 50
120382 50
757950 84
653025 12
109500 54
140100 30
508632 50
383080 55
307205 20
547930 70
278886 50
811164 75
424775 32
901120 20
16645 80
275100 47
274700 86
197225 72
528700 23
355050 62
677250 80
416900 38
913840 30
219420 85
960300 42
108400 69
812900 14
39004 75
171080 25
886600 74
187600 93
518225 56
137240 15
622825 24
407300 94
658125 92
684500 77
488200 58
926800 59
429450 2
567500 35
557344 75
894625 96
982200 97
620992 50
125852 25
90400 56
170475 92
569175 72
530650 68
948475 88
934475 44
849805 20
863315 60
288275 64
825775 48
920068 25
781108 75
10450 62
354000 12
895450 46
921600 7
651375 12
608000 55
519100 91
153050 6
377030 40
550348 75
633588 75
290268 25
29200 6
129660 30
797900 84
414884 50
519490 70
882825 92
382360 70
393232 50
633672 75
615200 51
64608 25
45378 50
167310 20
590050 58
673700 52
596112 50
470180 25
282530 70
419030 70
342348 25
612336 75
338560 5
677398 50
622000 11
520260 55
465825 80
268300 15
604760 85
426400 98
816532 25
619144 25
464360 80
52700 64
256210 90
129300 26
104640 25
357875 68
596232 75
364500 89
764116 50
92800 41
151604 25
670420 5
727740 40
22400 67
915660 25
693960 95
986350 66
469400 6
433500 72
601552 75
454620 15
326475 52
162950 80
989950 80
349700 38
69580 65
638250 16
562800 96
64628 50
685212 25
643480 30
614025 56
898648 50
295750 72
958350 94
511000 20
156525 20
827830 40
684715 60
177740 5
461700 66
23520 70
133150 14
662390 30
435845 80
690000 46
605330 20
222700 7
298150 76
449425 60
141674 50
33325 28
358328 75
866200 62
990980 90
703250 38
691500 61
239600 9
233100 32
154500 67
371896 50
941200 30
569525 16
188670 60
672385 20
60472 50
57000 37
52250 12
746680 25
875775 80
733300 47
690790 30
58704 75
631800 10
293400 67
399955 20
1450 96
49925 4
183360 10
493600 60
107700 33
374200 59
649556 50
338732 75
427445 60
942720 10
281816 75
611404 25
700920 40
378475 16
804330 90
288550 2
245580 40
33625 68
49000 8
416380 30
385420 20
770990 20
6070 60
90075 76
984060 20
175200 89
482250 4
369336 75
633980 5
370980 85
760950 54
488890 30
174600 34
543060 15
828400 15
94050 90
93174 50
239950 48
113100 83
12750 70
118826 50
847660 65
985700 36
431025 64
184340 75
903992 50
292875 92
106804 25
471440 15
795340 40
237640 35
804165 20
550790 40
35984 25
446000 54
774624 75
950624 75
885430 40
972272 75
144560 15
289768 50
761800 34
229600 47
769925 72
646200 27
171320 35
852700 2
11758 50
457746 50
946900 19
749260 65
893300 79
55384 50
494140 85
910472 25
549900 36
192210 60
888820 55
811120 5
223200 37
949400 59
777660 30
104970 70
231500 52
674155 40
807220 60
538180 95
714692 75
133500 41
603030 50
362825 8
583750 36
504925 24
69772 25
467025 20
132225 60
968550 4
379650 48
217240 20
168700 53
708920 55
155415 40
15330 10
305500 67
808815 20
855494 50
12450 82
785678 50
546700 71
828630 80
972100 40
825350 48
439435 40
78996 75
771380 25
127850 94
247608 25
733588 50
794860 45
734208 75
414655 20
553265 20
375225 4
999900 83
923000 21
435350 2
229868 75
90764 75
729995 20
708500 97
428920 25
251910 80
609475 92
692152 75
129600 3
774325 72
483680 65
61505 20
615040 55
557320 40
766415 80
914800 37
158300 89
553690 80
199304 75
857022 50
41800 30
863302 50
274675 52
335330 70
758360 70
777040 75
234275 48
187840 95
927935 60
791150 98
468970 40
258960 65
212175 36
613400 55
58675 8
402220 60
660590 10
161310 50
610500 92
513520 30
458700 1
63130 70
165450 20
253420 75
186130 70
885020 70
232790 40
494290 60
873585 20
620570 40
846725 44
513465 80
553220 20
510010 90
969550 30
275940 25
615220 10
910734 50
297960 30
299900 1
810175 60
452350 18
228300 56
873675 28
828085 20
451962 50
950140 65
911920 85
71920 10
488000 62
869035 40
495670 10
570900 96
940625 12
757855 40
555440 5
505196 50
496800 28
201125 40
421275 60
587795 40
14920 70
301125 12
108100 86
974245 80
987000 24
832260 70
483875 16
896500 68
717100 63
683025 84
318120 45
32786 50
347250 4
658916 75
500230 30
380540 40
378220 65
28480 45
847810 60
625225 24
933515 20
936550 34
742175 20
90342 50
907200 56
26925 20
583125 36
756888 50
887875 72
275640 50
945952 25
296566 50
397820 5
201395 20
817568 50
147756 75
187344 50
909768 75
398525 92
941250 26
684575 12
979985 80
940140 5
96184 25
503990 30
327725 84
14750 34
810500 15
393025 96
62040 45
62910 40
270300 92
591780 70
199325 88
345950 82
16000 44
892408 75
181650 4
43975 92
331725 72
330900 28
847044 75
549196 75
2950 46
421960 60
781400 27
382325 40
698324 75
102274 50
379745 20
509140 85
740965 20
635060 30
320365 40
57124 50
891000 9
677254 50
87775 36
893700 66
941704 75
502112 75
486125 24
769150 28
598424 50
105875 64
91675 20
235400 46
360196 25
728400 44
740840 35
935850 86
559060 40
226362 50
837310 50
68550 30
341630 50
132300 11
492600 32
590275 56
976084 50
720700 26
789550 54
704675 92
959124 50
389580 40
246548 50
602622 50
758952 25
369000 85
158050 8
813400 96
24375 76
116930 40
901975 36
638100 13
787100 22
740270 70
44175 92
201536 75
154624 25
300294 50
333650 16
639234 50
809700 58
607720 55
636800 45
72500 70
926350 82
648215 20
333700 65
160960 70
868600 94
417050 86
765800 78
931960 30
868652 50
295520 25
344900 79
904320 70
865975 60
353700 55
901650 16
106900 93
869022 50
494075 24
922730 80
152980 10
958350 96
786615 40
744424 75
99475 64
696875 12
221270 90
508510 60
339050 20
255190 20
150430 40
155540 15
20660 25
6100 34
872925 32
28025 72
503730 60
526564 50
254080 25
553672 25
787760 45
797860 75
751880 15
415950 88
135775 68
809764 50
624796 50
109400 54
980460 40
21876 25
51300 71
582320 70
119810 90
542650 38
163200 60
910240 5
478200 3
832488 75
961652 75
366525 12
992400 40
511100 34
530856 75
891655 20
83976 75
137000 11
722332 50
92620 20
214155 20
495885 20
777456 50
134275 48
756740 55
655156 75
113244 50
494230 10
920300 26
87450 78
34245 80
335625 84
974924 25
218156 75
8700 36
510900 78
688100 51
713290 80
703048 75
78510 80
694466 50
582478 50
743854 50
566500 72
739665 40
270080 55
858920 50
231170 10
600480 20
178720 15
901800 80
70650 68
188544 25
533300 80
773525 92
822300 74
985425 44
312550 62
31850 44
533380 85
795606 50
598208 25
289300 5
842920 25
924948 75
151700 14
701005 60
416700 69
909530 30
780460 40
19250 8
342152 50
540830 30
235065 80
187450 54
734265 80
193250 50
914450 64
79920 5
497300 86
318120 95
500536 75
421040 75
863304 25
44340 40
535950 44
31688 75
8560 55
135636 50
602600 17
658180 95
602800 19
648635 40
27460 85
917920 40
124616 75
298150 86
919450 20
258775 80
67000 41
865925 12
23360 35
957100 79
577420 55
260850 34
93920 90
930796 75
484225 56
291640 70
286325 88
487072 50
83664 25
849900 86
186925 56
638475 60
545220 80
254310 40
782800 85
21400 36
345100 89
424450 2
410732 75
520 75
679000 92
351410 60
657850 22
561200 17
78870 20
73640 70
273850 18
846800 63
801180 5
806100 89
695625 52
203390 10
581725 92
977900 58
801825 80
527740 5
555250 62
634800 36
378300 53
837550 42
391594 50
214950 80
557400 2
740900 22
302030 20
633164 50
54820 30
742464 75
132804 25
141248 50
325020 55
433250 64
678000 56
35900 77
699300 1
150525 20
639920 75
350000 37
559700 45
658090 50
119970 90
313475 64
788680 5
6772 25
975720 15
601756 50
141495 40
246775 8
944950 10
378300 48
568190 60
561150 60
481850 42
151000 51
642716 75
813524 25
63160 45
320692 50
899750 28
367550 6
792700 2
242430 80
786090 30
334900 69
525554 50
303400 6
644982 50
648640 20
541650 84
652450 54
923200 96
614300 97
392784 25
839204 75
729875 92
356300 79
137060 45
708870 40
916145 40
883060 95
281016 75
31080 20
214460 20
652705 40
531024 75
135750 20
907790 40
300642 50
626428 25
682900 8
333800 40
821625 56
289025 4
728825 76
755222 50
424588 50
897200 56
345200 14
715625 20
814510 40
157678 50
297192 25
355484 50
195856 25
832260 75
81650 92
837180 65
464845 20
938625 4
960236 25
650140 80
199845 80
575400 18
366300 92
638150 92
451380 65
353690 30
429948 75
633500 5
668800 89
33540 35
890315 40
108560 30
277596 75
19650 24
216600 31
337760 25
805870 90
309000 19
680600 48
188660 45
221300 67
770570 50
556080 70
862640 60
821110 50
268008 75
855270 90
990200 84
191840 35
976400 30
242350 32
109960 45
150638 50
946950 36
624220 95
38840 85
232200 63
931552 25
526175 88
810390 70
763880 30
818220 5
126285 20
381075 72
897638 50
393400 82
540212 75
943565 80
910070 30
614900 40
219720 70
306400 56
797280 75
346250 8
239490 20
210300 47
655098 50
800090 80
116300 88
622050 70
597650 22
979350 28
572175 80
650202 50
436640 25
49252 75
915055 20
329620 20
757020 30
53325 68
176656 25
920228 50
673220 30
479300 82
845565 80
211800 83
980100 14
368000 61
729440 70
840156 50
307188 75
714020 55
635675 88
44056 25
224800 1
312685 60
832504 75
244200 65
197500 61
907150 36
227120 75
312774 50
588888 75
594560 75
844050 14
439992 50
119100 11
337725 8
244650 64
384190 30
640580 95
614592 75
449300 28
484850 92
961975 52
325875 48
11560 35
768700 56
171004 50
928795 20
330275 84
200620 75
734098 50
880180 75
157445 40
381200 95
829688 50
54675 48
846400 26
70868 75
487625 24
857200 45
8650 22
565668 50
963690 90
89850 52
911600 71
696980 30
289750 20
967136 75
880920 90
151190 20
380400 9
106008 25
579940 95
734335 80
539965 60
370368 75
670100 43
251880 90
593632 25
786550 42
891800 82
780250 42
970875 92
550640 50
628400 91
329440 50
915090 90
250055 80
661380 20
882550 52
599450 74
214600 88
30650 2
474300 68
883240 50
394860 15
904080 65
8325 28
682560 70
677960 20
951790 60
505880 60
6100 78
718396 25
3300 61
356920 75
939560 80
750600 21
847025 84
339584 50
579660 35
498630 70
654800 73
650732 25
418250 52
682372 25
421440 65
372800 85
705225 80
825760 60
675280 80
763200 27
907425 84
61530 20
181650 90
428310 80
151300 8
992350 22
538420 65
127586 50
359735 40
496312 50
135420 25
641000 25
927900 66
202300 57
771850 90
172060 5
241894 50
837624 25
963500 76
710028 25
64430 80
262300 5
124806 50
522190 70
765550 24
470900 23
422900 55
295150 22
437714 50
572340 50
951520 55
785732 75
120960 40
343900 22
213500 66
735116 25
728490 60
580775 48
306000 94
612200 42
68480 90
36395 40
184730 80
620158 50
606600 42
240700 67
381155 60
436260 65
93238 50
208900 98
171820 15
998800 3
260675 4
194770 10
26404 25
470500 28
82300 61
667400 42
308075 36
681870 80
799256 75
740240 20
346990 80
235600 69
574500 55
155700 3
885800 27
919740 85
812075 80
15035 40
245950 48
330900 17
962780 60
844850 30
577125 96
287300 89
690472 25
173900 85
652735 60
409660 90
824195 20
737255 20
551385 60
601400 52
745976 50
735840 45
145700 44
782872 50
144385 60
724100 25
205660 25
298680 70
753175 44
363400 87
672326 50
899425 32
49350 56
946700 27
984370 20
311500 60
358100 23
831020 40
832675 76
474900 77
168610 40
362720 55
237300 20
211020 65
634735 80
755400 11
918875 20
121325 88
488650 12
624944 25
327220 5
66240 80
695475 28
989330 70
39500 45
750344 25
911065 80
108184 25
453460 85
392925 96
192568 25
429000 94
57950 70
266250 54
313776 25
99900 67
723240 90
966416 75
327650 64
890015 40
596765 40
9150 4
920800 97
882675 96
485875 48
42900 55
132900 4
54864 75
995525 40
793300 7
993816 50
920600 17
314355 20
188950 48
769900 55
453915 40
642650 56
314372 50
732190 90
287955 40
313440 40
787250 64
207400 80
561020 55
961100 98
828080 85
390600 83
878060 20
302425 20
575890 10
981415 60
177598 50
300960 5
699010 30
376000 70
227955 60
70010 30
845075 8
960040 25
222000 53
685000 16
833400 15
709450 42
765280 85
545300 45
7950 10
813960 25
160870 60
862850 74
193695 40
781425 76
393750 86
612650 68
916630 20
726425 92
24700 39
774275 96
426455 20
390650 86
708304 75
841095 40
598730 90
141520 60
891865 20
1000000 37
574200 68
515950 52
273990 20
412385 40
111040 80
384140 70
12760 45
886420 10
20580 50
730300 1
833495 20
638435 20
360376 25
728390 20
581750 92
850650 58
859962 50
290632 50
648800 80
89515 20
318975 36
474024 75
111025 76
49600 18
830250 28
142240 35
617900 65
357782 50
463810 30
347275 12
111300 83
366325 84
648200 38
46200 24
867840 25
738300 33
355620 5
349412 50
150596 25
88320 95
616928 25
189150 18
289000 88
39326 50
94660 95
217075 92
695795 40
272840 30
759812 75
418900 1
983850 64
166480 30
147224 75
785000 60
147698 50
680550 94
992000 25
733812 25
867056 75
532550 64
870335 60
749210 50
129040 70
219550 14
355430 10
218580 60
908400 50
847890 80
415940 15
855460 15
405944 50
594878 50
646000 29
672900 72
416950 20
22300 47
2000 84
787175 76
588160 95
752750 36
244520 75
772520 70
287500 31
202425 96
703590 20
913800 58
145920 35
693850 52
293525 44
110340 5
512400 89
269758 50
557600 53
936540 45
214750 42
423836 25
607140 90
772140 90
599810 10
702128 25
815925 36
645975 4
758128 50
321795 40
136940 45
406450 96
543924 75
716420 55
319100 49
240600 64
317475 36
661125 4
537854 50
843940 90
450040 25
617975 76
676920 75
805810 80
32125 96
527025 48
811750 14
826936 25
929352 75
204978 50
636140 5
467250 14
143235 20
83350 10
664775 68
389452 50
451680 15
536574 50
812040 95
104700 53
447575 8
200425 80
186880 70
149300 5
780700 92
82170 80
205000 46
581770 30
718374 50
266000 69
923700 84
229925 64
468400 77
802620 25
154400 44
203940 80
620885 60
74440 95
11860 5
209900 4
50160 60
843030 70
651980 65
125860 95
529350 58
703400 31
555555 5
229120 85
309576 50
766170 30
305220 45
262580 10
644400 76
530160 25
61144 25
184565 40
658160 10
43545 20
812700 36
662050 44
14825 60
821670 40
225420 80
880060 65
789840 70
465900 46
435050 16
618300 86
985865 20
600400 90
232700 83
149576 75
65490 20
202900 96
443925 36
408350 50
701980 60
824480 90
25900 74
571050 62
202900 96
107100 80
262960 55
745725 20
521340 15
664632 75
323000 41
634580 20
772875 28
784190 60
442814 50
886240 5
903828 25
455685 80
646900 69
996660 25
202900 96
84495 40
718468 50
335780 90
317780 25
193760 60
889950 16
504700 26
631520 55
482850 34
52480 5
746400 17
361100 39
343465 20
956510 80
999798 50
633668 25
913148 50
170084 50
219400 26
186225 28
12120 80
65815 40
710200 52
65540 65
726892 25
559490 10
392570 80
813235 80
696568 25
142366 50
103650 50
906850 66
639695 40
245425 60
148790 80
864775 64
956550 50
633580 40
104950 24
843415 60
570880 5
333320 65
986978 50
572050 32
259000 6
628380 55
614550 84
150210 20
382190 20
699300 7
342875 64
987825 96
414712 50
747630 90
49600 43
301080 25
790564 25
654320 15
681436 50
270680 10
652430 80
214468 50
836444 25
111990 20
448676 25
47150 92
562750 18
498000 61
391200 67
202900 96
467792 25
547300 61
607872 25
875550 20
119000 48
957525 40
755516 25
777210 80
264568 50
334880 90
976380 50
245175 68
189500 2
454575 92
71880 65
85200 18
476490 10
52100 68
328520 60
596275 76
576860 10
55250 26
694400 75
432000 79
709350 50
94860 65
702610 50
585600 74
166175 16
219750 8
894300 49
219104 75
522700 56
489044 75
103000 48
57225 92
161550 72
364492 25
71400 81
655250 98
922225 16
304650 56
374850 16
914590 50
541975 72
455700 44
720256 75
108900 34
589160 65
938740 50
453862 50
484400 10
306785 60
668660 10
215130 10
187076 25
181300 84
2725 88
597850 8
882856 75
891150 88
689550 88
524400 22
141200 61
227180 20
458875 16
955750 94
356444 75
925100 3
904500 23
226535 60
202900 96
562075 24
465358 50
144188 75
270975 12
47020 15
350152 50
67075 64
423675 72
884300 64
808980 15
903600 14
944830 40
230600 27
924692 50
798000 60
861700 89
542375 88
511788 75
735005 60
564800 57
186140 60
69950 64
972145 60
927676 75
299900 50
237980 90
827150 72
47560 45
419080 50
807800 4
99865 40
615425 48
699865 80
303332 25
247640 80
876895 40
561850 92
866470 40
830800 59
761560 20
584250 10
126450 22
479382 50
217800 81
596000 62
234845 80
588864 25
946225 56
921580 55
357555 60
582770 40
793544 25
202900 96
817040 65
258700 26
854070 30
87440 25
585950 36
642500 65
973740 85
568050 92
520000 16
118790 90
764226 50
995875 76
510000 38
263674 50
874000 84
438712 25
504185 40
590300 20
872650 56
50425 48
574025 68
812170 90
10725 76
530775 8
138200 30
47908 50
376965 60
290466 50
89325 32
267752 50
809810 90
898195 20
579300 33
930100 30
215218 50
515500 46
898850 58
230860 5
861004 25
202900 96
583886 50
363610 50
759050 2
810874 50
307288 75
205342 50
71325 20
949500 46
33475 24
383250 4
241325 84
969300 76
515300 96
507250 40
522000 15
135500 98
698800 65
242908 25
353000 56
75152 25
793180 30
647375 72
941080 95
590990 50
357000 65
353300 84
956260 90
194784 100
117296 50
677324 50
534600 92
299425 72
629340 80
434400 68
838080 70
337675 88
472272 75
943045 20
955784 50
751024 50
729892 25
322980 85
579220 80
535895 40
143925 68
566242 50
951805 60
719780 50
359400 55
442950 58
890140 80
365812 25
30438 50
306896 25
213240 90
742338 50
241875 44
54250 48
398350 30
536040 95
571900 75
84000 61
527936 25
774400 24
123500 20
516900 64
639600 25
900575 28
731375 52
70028 50
783650 64
532850 90
521198 50
662760 75
431025 32
444650 90
194784 100
572925 80
650696 75
888992 75
845005 60
386120 65
865225 76
626925 36
769300 59
829200 93
888892 50
569622 50
194784 0
692590 30
296680 85
558196 25
340868 50
321520 10
402700 65
701175 24
963430 10
880760 20
165225 80
711518 50
334200 27
170225 28
169850 16
1950 80
735470 90
751855 20
729208 50
5580 95
581065 40
488100 54
891925 84
431080 60
907825 40
575900 48
908260 80
722280 85
268950 22
743812 75
207200 48
79966 50
134025 28
709545 60
690788 25
58920 75
46380 20
632968 75
386870 30
593600 27
900646 50
465185 20
530800 35
561000 17
896780 10
958900 90
224315 80
395650 78
892350 4
637500 45
943400 59
939228 75
61940 80
228765 80
224400 12
842325 28
641000 64
88075 68
484190 80
22536 50
936600 89
523850 14
194784 0
505820 45
56375 88
543345 80
94750 70
582540 80
134280 25
473570 20
752898 50
933600 32
649615 40
30280 85
172780 55
306900 51
901936 50
160710 50
914070 30
673290 50
533048 25
226330 90
958800 14
939232 25
898620 15
518460 40
686500 27
978950 76
895415 60
449980 60
662770 50
739520 45
351650 24
502740 5
327000 9
90350 46
570208 25
723400 42
194784 0
276475 76
248200 42
746600 12
87176 50
750355 80
902755 80
178980 60
174980 10
27520 50
431325 60
79460 70
648355 20
850040 50
731615 60
216000 52
519575 64
900500 49
598280 85
451625 12
599510 20
213850 88
535600 74
807875 36
634020 90
506880 50
745828 25
526950 68
591400 84
91175 72
476250 54
866650 94
18900 39
376400 85
878050 68
467188 25
331735 60
893100 30
185488 50
636168 75
964900 16
213400 20
592370 40
135150 44
243080 25
541808 25
661660 5
888260 85
923450 68
445100 6
146590 80
979780 30
626800 87
557400 95
332975 24
354550 86
786200 85
748300 93
178680 80
771188 25
613060 5
680400 81
738256 75
615090 40
327775 92
299880 90
224310 30
490956 50
471000 10
73600 5
625820 55
776252 50
558240 80
662040 5
408080 50
125640 10
32935 60
309160 35
580400 58
826350 46
549475 64
938030 20
308575 76
629850 86
649350 4
923110 90
736970 90
198575 24
526666 50
869500 90
332660 30
194784 0
226760 55
871650 72
575380 95
594450 84
457230 70
300500 92
618592 25
73120 40
601895 20
827455 20
405275 48
228900 46
540248 25
856905 60
383600 3
883350 34
24950 40
873900 24
691320 35
77270 40
298800 80
639240 70
17100 20
429078 50
749300 69
567420 5
347915 40
750328 75
282550 88
379580 80
690180 70
226936 50
258700 97
39290 50
763750 42
395040 85
734950 54
202200 25
437450 16
680975 64
31275 80
277175 72
566644 50
491570 90
875800 32
131250 44
799610 90
409000 35
823464 25
162575 4
4265 60
346900 78
862225 28
662250 40
919600 26
221100 41
217700 12
920600 84
3890 50
695900 50
541870 10
339090 80
778558 50
739180 95
71450 54
180575 64
129450 72
771906 50
53475 28
54932 25
82700 42
163250 16
480500 64
126140 75
757700 31
826225 24
252684 75
769450 72
438200 66
685500 82
418940 75
702828 50
227840 75
665116 25
751700 31
298100 91
194784 0
197960 70
175675 12
140560 55
724920 75
885332 50
976840 60
717300 65
194250 4
191700 8
5150 16
597200 78
549050 32
425550 2
867700 24
624160 80
702386 50
427760 90
591412 75
378200 11
364825 48
290600 74
22500 85
19750 42
377630 10
55540 25
238690 20
198800 6
516300 10
447550 62
269625 60
225300 17
120038 50
312900 45
358250 96
417480 90
724730 40
545850 74
217840 45
187200 20
776925 40
595770 60
971482 50
278175 88
117460 20
900800 20
641416 25
865700 6
290456 50
761625 56
857500 37
821820 95
896325 88
289455 40
125640 15
130225 32
535350 8
535280 5
110220 90
881550 40
131720 20
998480 90
296420 10
714800 44
985200 16
541650 22
233750 36
998100 84
960390 30
670290 20
52874 50
199000 50
697040 25
844460 85
652165 80
720645 80
841524 75
198200 47
88350 42
484472 50
868620 5
964100 6
660575 84
509050 80
400742 50
480814 50
85095 40
816480 90
900350 22
348600 36
860445 80
102000 86
300875 24
717314 50
624300 6
247525 92
453200 50
188468 25
243540 30
388050 96
515372 75
578980 15
39350 6
108225 28
672920 50
194784 0
887855 60
107174 50
644500 52
992500 76
388500 33
140070 50
305018 50
687216 25
71195 20
261320 60
320040 35
680948 50
743720 35
839500 82
163800 70
32600 26
954970 30
44375 8
854990 80
391925 64
167415 20
431025 60
357620 50
781250 82
797890 20
355575 32
624000 36
761580 90
270860 50
855880 55
607140 80
526360 50
796700 74
159400 9
194784 20
420296 50
341175 24
191300 72
345595 40
23605 40
747600 49
829800 64
718386 50
227780 10
412380 90
713850 82
