1359
1000
387
593
795
278
425
307
794
81
226
549
296
116
592
366
932
457
805
799
577
521
795
739
593
496
608
227
916
631
14
517
620
452
349
277
274
404
640
340
260
571
68
818
389
479
484
107
564
778
347
969
394
591
565
602
824
387
503
431
105
175
387
621
809
453
578
993
75
292
154
331
928
141
839
522
334
309
609
833
335
549
611
790
631
194
501
229
286
478
495
610
307
686
836
152
330
740
227
461
543
300
139
610
888
773
776
142
214
718
62
843
365
235
587
426
620
460
708
479
486
489
144
535
975
787
321
318
812
682
560
796
850
742
672
999
837
633
865
283
843
632
190
460
869
547
112
285
169
986
632
916
366
929
611
141
109
133
449
331
406
797
359
225
949
373
56
223
268
26
129
723
73
828
331
653
56
741
395
737
420
264
620
571
215
83
945
67
85
327
610
536
78
568
200
323
398
693
513
204
865
78
875
977
861
152
171
488
864
866
585
334
775
595
706
220
11
912
166
378
271
527
436
302
480
526
687
257
605
19
618
305
696
749
259
477
74
975
506
779
514
831
39
281
232
547
966
208
177
488
623
762
977
400
285
304
726
401
897
384
149
383
528
11
673
194
303
83
299
637
419
396
178
225
198
508
461
872
207
682
288
686
86
280
692
911
313
115
718
865
354
97
695
664
132
775
175
568
912
944
467
76
804
150
967
360
757
888
417
749
68
696
393
250
85
208
972
127
640
491
789
74
121
205
637
259
914
189
144
45
909
698
628
225
371
545
477
607
349
683
479
493
668
711
363
189
614
751
626
801
326
982
432
918
606
972
769
335
619
56
37
499
3
48
442
510
911
323
51
125
249
158
478
921
695
251
395
502
417
436
664
434
661
284
358
712
896
554
931
485
166
248
469
621
50
248
598
514
201
486
632
982
384
608
283
7
263
67
891
29
589
377
70
627
810
228
531
516
682
794
391
939
131
234
699
943
804
913
162
533
820
953
331
850
140
588
473
67
362
927
385
900
759
37
958
733
749
994
164
609
349
810
913
675
650
547
370
375
547
613
453
885
588
131
233
376
687
213
383
156
100
365
813
45
269
80
860
793
6
828
361
106
209
718
301
980
577
858
20
547
464
753
113
430
703
408
504
468
713
246
698
619
751
713
500
105
440
483
133
965
615
479
24
650
827
254
625
857
250
862
941
838
22
385
786
623
453
132
371
45
125
308
478
812
998
634
964
711
162
690
627
739
894
768
904
146
950
245
651
677
465
235
939
421
165
87
952
512
966
169
322
642
321
877
869
779
20
959
908
580
386
724
987
689
639
808
680
727
402
483
870
249
376
950
232
979
202
141
800
228
27
773
592
404
128
803
249
826
546
360
312
153
999
514
876
836
721
275
608
775
616
657
725
652
766
519
110
935
307
532
828
86
912
354
797
988
778
580
839
764
192
624
198
177
177
435
84
52
25
423
910
141
810
40
634
718
186
80
176
601
77
367
335
559
338
760
534
290
325
214
855
257
243
624
780
855
10
344
664
125
638
532
683
539
941
731
233
505
60
864
464
369
706
708
474
213
518
68
510
4
354
797
604
788
189
970
782
770
434
162
69
51
281
386
443
978
771
282
310
246
666
825
865
197
215
266
649
417
300
50
369
633
406
692
968
220
123
25
514
762
953
509
400
531
930
632
61
489
107
681
612
886
377
337
393
718
295
889
189
401
381
568
761
633
971
281
184
280
169
238
118
984
770
305
8
545
126
348
965
512
34
483
728
994
847
842
629
218
448
522
785
930
591
901
76
218
154
575
583
510
155
66
265
617
111
42
601
769
968
137
364
216
951
756
605
586
608
72
639
75
821
776
398
404
382
867
550
300
126
552
12
7
990
407
486
218
639
22
826
656
955
31
776
365
721
958
869
93
529
899
526
625
871
687
824
197
176
907
135
470
564
415
241
690
363
737
46
138
821
637
858
635
229
87
669
640
893
349
997
88
896
78
826
636
319
138
472
901
75
726
328
698
205
518
831
347
451
127
561
446
832
44
987
871
399
839
462
297
712
336
265
54
621
351
640
317
813
437
954
774
283
336
476
151
354
579
790
553
624
905
506
635
685
296
316
511
347
447
480
734
275
471
620
461
686
90
294
668
371
17
87
158
123
990
667
822
754
852
520
408
229
167
203
768
421
53
431
156
872
77
41
89
414
933
418
290
407
796
786
234
381
998
350
44
82
662
491
606
867
320
939
445
320
505
780
757
837
447
447
621
66
516
93
946
230
172
534
63
63
641
376
379
