1000 365 200000
958
921
910
892
842
885
864
817
844
807
821
839
815
780
809
794
815
830
799
820
771
745
709
747
783
796
836
820
852
829
869
837
860
824
818
822
834
863
821
804
826
816
790
783
755
736
687
706
718
707
706
673
668
692
643
613
651
675
655
693
719
695
689
712
713
670
620
594
634
621
636
665
692
700
749
764
761
742
778
761
782
772
774
739
719
737
763
727
718
685
699
712
712
761
780
809
792
754
724
747
755
733
706
740
732
725
749
751
732
760
734
710
750
717
734
733
709
724
718
684
681
701
692
699
713
716
674
692
674
718
728
685
732
712
753
762
751
764
737
771
735
727
707
657
696
693
737
688
641
631
609
642
665
700
704
724
741
755
800
760
768
728
738
742
745
761
808
853
875
913
925
921
911
911
872
845
894
869
875
920
918
874
844
837
826
811
788
806
779
826
870
832
856
903
880
830
786
767
735
745
791
764
775
820
774
773
734
690
731
766
762
720
728
758
787
794
826
856
895
852
802
783
793
743
761
791
787
797
757
767
783
761
742
702
655
702
729
777
756
714
731
741
762
809
841
805
819
836
848
815
863
831
854
875
877
916
871
833
848
806
856
840
818
849
897
893
881
909
942
964
1012
982
948
957
993
981
974
970
969
978
984
938
953
983
1024
989
1039
1082
1097
1107
1075
1050
1050
1076
1080
1126
1106
1094
1045
1089
1120
1151
1183
1218
1260
1305
1257
1286
1308
1301
1307
1324
1279
1252
1287
1281
1324
1347
1368
1360
1365
1344
1335
1305
1265
1220
1238
1204
1171
1155
1182
1165
1129
1089
1049
1021
1002
979
995
1040
1042
1081
1131
1168
1133
1104
1067
1022
1060
1080
1125
1169
1198
1208
1179
1174
1153
1153
1110
1093
1085
1115
1142
1100
1073
1066
1076
1045
1002
1025
1003
1042
1039
1010
1031
995
1040
1064
1017
1047
1036
1019
1022
995
1038
1021
1013
1058
1070
1105
1120
1161
1115
1069
1026
1028
1078
1077
1112
1108
1125
1159
1174
1165
1143
1101
1075
1050
1035
1077
1098
1108
1071
1046
1069
1093
1086
1046
1054
1021
1029
994
1027
997
1003
967
992
1014
1009
1031
1005
988
1019
983
955
993
953
993
979
1001
995
977
968
966
964
942
987
943
897
869
875
838
844
802
785
746
742
731
701
686
650
694
673
685
700
701
735
710
691
678
655
619
669
627
655
621
636
680
681
675
670
705
656
612
622
639
606
643
651
678
654
621
640
592
542
527
555
602
586
567
518
519
524
504
515
539
529
519
557
603
553
548
585
549
582
630
641
681
665
705
684
727
771
808
835
879
925
906
883
839
869
832
854
897
937
965
935
930
893
916
941
931
932
910
935
956
939
989
1031
1049
1024
1026
1033
1026
986
950
955
936
937
922
891
923
913
900
944
969
946
933
937
891
896
908
895
917
900
874
847
847
893
852
855
817
859
908
914
874
896
926
926
930
928
885
877
862
896
853
856
828
823
784
745
793
763
808
813
861
883
898
943
942
945
957
1001
985
1025
1048
1017
1029
1046
1045
1000
985
1024
1071
1060
1049
1026
1028
985
1003
1040
1072
1033
993
993
1031
995
999
982
934
929
898
848
884
877
914
947
922
938
933
891
912
871
865
842
847
832
810
806
842
828
860
847
860
907
900
893
933
924
930
951
954
997
983
1012
1028
1067
1098
1060
1071
1059
1079
1054
1049
1043
1047
1019
1042
1013
1056
1050
1081
1074
1113
1121
1158
1202
1202
1244
1196
1178
1207
1196
1209
1251
1291
1259
1304
1334
1330
1284
1241
1196
1152
1167
1188
1191
1176
1130
1115
1066
1098
1057
1029
1001
1044
1058
1071
1022
1019
990
989
989
1005
1036
1053
1081
1059
1067
1022
981
988
968
964
951
967
948
908
868
913
868
906
869
869
828
796
787
765
778
789
762
788
819
864
837
838
879
831
865
899
871
895
911
883
874
904
892
868
862
899
882
905
927
943
928
975
942
980
955
907
857
825
865
893
888
909
869
842
865
913
926
930
907
918
967
945
901
924
938
916
894
934
965
973
1005
1054
1005
1050
1053
1072
1063
1086
1103
1068
1075
1038
1047
1062
1015
1058
1076
1105
1129
1137
1130
1110
1101
1143
1144
1096
1047
1081
1035
1085
1119
1168
1207
1174
1160
1137
1107
1072
1093
1088
1080
1082
1112
1156
1132
1094
1052
1065
1081
1047
1018
1039
1011
1059
1072
1076
1050
1046
1007
1025
1058
1078
1070
1099
1110
1083
1125
1094
1077
1069
1119
1086
1064
1035
1053
1061
1091
1115
1147
1162
1183
1147
1194
1192
1238
1260
1309
1289
1239
1247
1227
1234
1221
1221
1217
1246
1200
1216
1258
1216
1233
1184
1170
1145
1177
1204
1226
1239
1282
1277
1268
1219
1265
1271
1247
1279
1328
1313
1286
1288
1313
1349
1383
1367
1347
1311
1283
1321
1304
1287
1296
1285
1259
1253
1295
1312
1339
1331
1310
1301
1316
1266
1236
1210
1183
1217
1208
1232
1185
1182
1211
1174
1196
1151
1184
1169
1142
1189
1166
1166
1187
1168
1151
1173
1161
1195
1242
1232
1238
1219
1217
1198
1154
1193
1202
1162
1205
1203
1183
1191
1148
1140
1190
1149
1164
1196