1000
429784
685584
937198
1988733
2747004
3015113
3634107
4306096
4325688
6368717
6390387
6583609
9801676
10286429
10702669
10903214
11317552
15137717
15360540
15697172
17460907
19388999
20863028
21602962
27724696
31094219
31670742
33995088
35652287
36088267
36403400
36852628
37451113
37962114
42641606
43284062
44770236
47497839
47967664
49063006
51043399
51918700
53817748
54938468
54991860
56641532
56942446
56983050
57837997
58018740
58088180
58315023
58330024
59347682
60342899
60588034
62259332
63395195
65048114
65171535
68224104
68233059
69317709
70435282
72196075
73521698
74684634
75907030
79766087
80207303
80750334
81064731
81127513
84837303
86714273
86958611
87926218
88913074
90023210
91045235
91149607
91359704
91550628
94540479
95188295
95335480
96198124
96201524
96939952
97452065
97617452
97747422
98046978
98948214
99616644
100224373
101904027
102216450
103745465
104759510
105706740
106164035
106181647
106222096
106304798
107388254
109255465
109648131
110791723
111032430
114593952
117070844
119271992
120889721
121068810
123861279
124150521
124233570
124350692
125720039
126436625
126566939
128358486
132495301
132737541
133797252
134384931
134593597
138779135
138890032
139085732
141471752
142619265
144428773
146667680
148726694
150076431
150698563
151074307
152769155
152963812
153750125
157339925
157743107
157798437
158370508
158456876
160230377
160643730
161123829
162690019
164101841
165331822
167667848
167703218
167750315
168362842
169147799
169770407
170768695
170881484
171500628
172098362
172115294
172222510
173977749
174496424
174847577
176305655
176912352
177141794
177442171
178874567
180312873
180956314
180999252
181631612
182927774
183549818
184017156
184081533
185153276
187014911
188700368
190043659
190118092
190382095
190956581
192231720
192408166
192730420
192927647
193065031
193275954
195418501
196226144
196260003
196582588
200226097
202043523
202635641
204431543
205107205
206193755
206507698
206968942
208330311
211297978
211641872
211769281
213845922
214087650
214444840
216294395
218871018
219111792
219482151
219913398
221446716
222265736
222351558
222841814
224746884
225384750
226928937
227837344
228588829
230903348
231326922
233169370
233998914
234176024
234971415
235620003
236203425
240039307
240173002
240880509
240933340
241035679
241344636
243363745
244106442
245915603
247497708
247586326
247590102
249576363
250851051
251970373
254068846
254141925
255514058
256307303
256869817
257110012
257419138
257569453
258258769
258862928
259981799
261084374
262530062
264114688
264690835
265027319
265445295
266256798
266415984
267896686
268159875
270075251
270842748
272707586
273417584
273652678
273734877
273893154
273967782
275008981
275897723
281850294
281940777
282759557
282761734
283050929
283827780
284335184
284918065
285176460
285963879
287100836
287497712
288543640
290271305
290773016
290857369
291438267
292860392
293054945
293359862
302023469
304659921
304822102
305191625
307409436
307708257
307974380
309093084
309524769
311091455
312236207
312446464
312557922
312836748
312885649
313420687
314267191
314358386
315883171
316741026
319696451
319751140
319799894
321938322
322308543
322972391
322994469
324170555
324695800
324774721
327279691
327651575
329186990
329258726
329455375
329634195
330531921
330953552
331269293
332781155
332983210
333685516
334407154
339458739
340168274
341223637
341284968
342252716
342515669
343387377
343962442
346805412
348236014
348782239
349316322
349822099
351235667
351290072
353024267
353055931
354712182
356080605
357322108
357803478
358141968
359441761
359779263
363440693
363713723
368470180
369961997
370415044
372139666
372818177
374582052
375205388
377870564
379864660
381522097
382592206
382716380
385043155
385193411
387043248
389103548
389580741
389749668
389754069
397418757
401903155
402075285
404625415
406681103
407900969
409641459
409765391
410361372
411983287
412648877
413397383
413642545
414194755
416577050
416835259
417991455
418597130
418663719
422286215
424579654
427088598
427130945
427557932
427764754
428755646
429531933
430596482
430663371
432070984
432462268
433473734
434008967
437653527
438199966
438882024
439402069
441983640
442030193
442980653
443502981
445342951
445940812
448806067
449003995
450416554
451290362
452302689
454128805
454686109
455006873
455019855
455934130
457654054
457748199
458490694
459738320
459748618
459955705
460749743
460810969
461890259
463342534
466214154
468844658
471310868
472024370
473636348
474478500
474680924
476578641
477374874
477496056
478771741
479205820
479792112
480537348
487104549
487818950
488929339
489887430
491460790
491721384
492645576
492666907
492929428
493626659
494411242
495009901
496369262
497317486
498393994
499674276
499717591
501665174
502166321
503092056
504453134
504491412
504503566
506306708
506778190
507735417
508485648
510197352
511137085
511343618
512001225
512686938
513331015
513625162
513939746
514262887
514307338
514605228
515149184
516382609
519009062
519139274
521606924
521872654
523098408
525118828
525203320
527962559
529509915
530752715
530819799
530989233
531198311
531276439
533248383
533780566
534145043
534498260
534807620
535075452
535134287
536173172
537106498
538649922
539673161
540004132
540503499
541249389
541298247
543137751
543405169
543472035
544763163
545830736
546121608
546807723
547585160
549095750
550653156
552500420
553080877
554605002
554876180
555318789
557767864
559403293
560161752
560738909
562661330
563142780
563288002
563392653
564245170
565155166
565476179
566212649
568870451
569554126
570595405
570950700
571397626
572156639
573852092
573936302
575249142
577698273
578607888
580123826
580287786
580408628
581488658
581935637
583723097
583994540
586042210
586415790
587018034
588031442
590404895
591545193
591671101
592956114
597484436
597988118
599521437
599734038
599918111
600042633
600223306
600540299
601594861
601599312
605477761
605624893
607044719
607414667
607436954
607457693
610349888
610592981
610926068
611427487
611810254
613068810
613508138
615180817
616360338
616362912
619265274
620479163
620485258
620882060
622298444
622730844
622765357
623504011
629117699
630105451
631649677
631720254
633393565
633710315
633723305
634124586
635965440
636013324
636190733
640088296
640688481
641368947
644943832
645775809
646648845
646830005
648414802
648753673
652224496
653818171
657114910
657197963
657754442
658668937
658976990
660983145
661465468
662864000
666325296
666645257
668716818
669291837
670788130
670892035
670966691
671182843
671309743
671807190
672639150
676081256
676993300
679403593
679574649
679847000
680502078
684632707
685481920
685572353
686795543
687068160
688005652
688215125
689126178
689330164
691355390
692003572
692398196
693655775
694752918
694913996
698532787
698898479
699827054
700428189
701758306
702067055
703254387
703614794
703736031
704130769
704356351
704531696
704569738
707031760
707554140
707694392
707850506
709543702
710233071
712251415
712504192
713059910
713213946
714615894
715502353
716152207
716555959
717566651
719236919
720410268
720945422
720980633
721266048
721413485
723089519
724686218
726665700
726766941
728275112
728616406
729508243
730668186
732822801
736656820
737166346
737459894
737957719
738012993
739345333
739891398
739949965
740021607
740543687
741182900
741492397
741914117
744106313
744671693
746127991
747243972
749178983
749696532
749758833
751313936
752274766
755502692
755566303
755673325
755824498
756023133
756028975
756530334
758114087
758338093
761133550
761618320
762581271
764237955
764372133
764412687
764841335
765178898
767957148
768474540
769306637
770745158
770974654
771491505
772555861
774066214
775236154
778276359
778541151
778638751
779276617
780187752
782189398
782554421
783476360
784433308
784538578
785017027
785287339
785739991
786537235
787951040
788686120
789450225
789622075
789892782
790015544
790046979
790059375
791229733
793584256
794640653
795229194
795669508
798501464
801183131
802779850
804847633
807245527
807716478
808652654
809808658
810526381
810901655
811312535
812546228
813420702
816229650
816375275
816574789
818121786
818670574
819453202
823175602
823486229
823875555
825695110
827881997
830299010
832821508
833168652
833630231
834928795
835984046
836322118
836633586
836883893
837839976
838293933
840154593
842880276
843596204
844524526
844773537
845910009
847047201
848068470
848085504
849637069
850068055
850663183
851391357
852640729
853033309
854438369
855016485
855018855
855772638
856716056
856874553
857138410
857522691
857969832
860386324
860818939
860936243
861480480
862340494
862889342
863543735
864525754
864945919
865159104
865365335
866218779
866699374
868998141
869021991
869527364
869815593
870388178
871979454
872868704
873266537
875739392
876452852
876473811
876809218
877376450
878000349
878882340
880578408
881491952
883187963
885793589
887147847
889839797
891067928
891912142
896974487
897649276
898972538
899617090
899632205
901122347
901727329
902584879
902839705
903084987
904659992
904800302
906199031
907165460
907292247
908087604
908542234
909174697
910619716
911247589
914842000
915809986
916441404
916800570
917254174
919045910
920395653
921224937
921258849
921656180
922867417
924071442
924791130
924901592
925309076
925626678
928094829
929326558
932677604
933775364
935697753
935705242
935934328
935947368
936138680
937820842
937880991
938509173
938733165
938970293
939101797
941190654
941300515
941352648
941926120
944642990
945134550
946357262
947544214
947561038
948096872
948481585
949358272
950953007
951460642
955031365
955213163
956693647
957051677
959291554
960318861
960558537
962295165
963158940
964415681
964723521
966907526
967551779
968148458
968754856
968889194
969548580
971921855
973007816
973700106
974313850
974804798
976672039
977011059
977880046
982133405
983611054
985480423
986109271
987155026
990204879
990286609
990372321
991116889
992292221
996364725
996737390
998842052
1165726
1890692
3260095
3743677
4562107
6335680
6392322
7681497
9283781
10131204
11933681
13213804
15555193
16777650
18982512
19412628
20048822
20668320
22037606
22359320
22844368
24066572
24131183
24480817
26108292
27907802
29222962
29365509
32198040
32452018
32821667
33250709
33994904
34192247
34846721
35718928
35909784
36939935
37120879
40930364
41175424
41626747
42678497
43649334
44235658
44707074
46005824
46487827
48560513
49471846
51197706
52109269
53364116
54511002
55259596
56541898
56635763
57443436
60244859
62973324
63503833
63596406
63703242
64328238
64738921
65243951
65489619
66040715
66327115
66842857
68276685
68395342
68800985
68942739
68985268
69254447
70371874
70439191
72098630
72533755
73728990
74735098
75488112
75535463
76504046
77618711
77742999
79169592
80677793
81340433
86762667
86798921
87031592
88219112
89363354
89609981
90513567
91585742
92225677
93749260
94879848
95621949
95841355
96099130
98212266
99049239
99154946
99450186
99860615
100321222
102633984
102868808
103735569
106334332
107239841
110238053
110908260
111334068
112688266
112967357
113937622
114251361
114655482
115345647
115952631
116504911
116883991
117624488
118096962
120442002
121338878
122783293
124948604
125196350
126011798
130488902
131362096
131788798
132044503
134400885
134791964
137642683
139053097
140777118
142091548
142551506
144941229
145528030
146928313
147142286
147228055
147388794
147994175
148921046
148963103
149018475
150104335
152265323
152479004
152634811
152858196
153663648
155067290
156364559
157480066
157669566
158529152
158762630
163006989
163170410
164126736
165665746
166098464
166185478
166329459
166376125
168067167
169783437
170360084
170405123
170618011
170768785
171031174
173293268
173478519
180007675
180070530
181038977
183683185
184073895
185824710
186411482
187911132
190954558
191254826
191861758
193533644
194478695
195850227
196504459
196851447
198479180
199299274
201999736
202621021
202955510
203817723
204746800
205093150
206945847
207267487
207846714
207876524
210186876
210237589
211572800
211645035
215857956
216904681
217428138
217868353
219780520
220117548
220173067
220226805
220313587
220324156
221336951
221396884
221526112
222610617
223698199
223703834
225903951
226562113
227570367
227570915
228507723
228523213
230524328
232245747
232903236
235130731
236086012
237007984
237938974
240250723
240683698
240763908
245031584
245284622
245299495
245307747
245982334
246478761
247892579
248498256
249454329
249639423
251510700
254194875
254542374
255593708
256768238
259331864
260409194
262220243
262274539
262726836
264344021
264453494
264622935
267928475
269636477
269982405
271503882
271886755
272766387
273139403
274418305
276386849
277324190
279997968
280346341
282739268
282828442
283835236
284754008
284829161
285819913
286334406
287962931
288230498
288240321
289159630
289824538
291082699
292171486
292398559
292788323
293590563
295086340
295431198
295721898
297662933
297930454
299898197
303219162
303739457
304056299
304576982
304898410
305804039
308540057
308807897
309397810
309752929
310040577
310117022
310450654
312165436
312854428
313893055
316265394
319529981
320432537
321648755
323652079
325945048
326758539
327328581
328038350
331384594
331923992
333326379
334364704
334397922
335143375
337573785
339203589
339335470
340081102
347285691
348804649
350387905
350934198
353232243
355102860
355686750
357293020
358404431
359802288
360816751
361510164
364102395
365036053
367440488
368809461
370142650
371278245
371324078
372171573
373207314
373657591
375655160
375749104
376554779
377372515
377590641
377706536
378746677
379004274
379038665
379788303
380362203
380944087
381617717
382015824
382045457
383556299
383780441
385242279
388687875
389902408
390741717
391190812
391662538
393221566
394838902
395281192
396272119
396911280
396955264
397870080
397965993
399848764
401041395
401938195
402697276
403176347
403271804
403463445
403594570
404325994
406418870
406515666
407760601
407762800
408835179
408840347
409087721
410985139
411436730
412043524
412447495
415804732
416681298
419487310
419710997
421250751
421480800
421756191
423709764
424312083
424798778
429186519
429664147
432158917
433831244
434584653
435145226
436736183
437342883
437577697
437680810
438355803
438943214
439613353
439663763
440015570
440415424
442361393
442904297
445341780
446216631
447716476
447767514
448742364
450039679
451190551
453585135
455374016
456634842
457228873
459552866
459630715
459676399
462215911
463549117
464410894
464627075
464814473
465215965
465656292
468047013
468545331
468697611
468982265
469008248
470567050
471249453
473618875
473830570
474593288
476623836
477520258
477701115
478762736
479019218
480848028
482135500
482592728
486946929
488195849
489333992
490048391
495810243
495850406
495987845
498488409
499388896
499711234
500502283
502294412
502317067
502726183
502785774
503330995
503858061
504940122
505200470
505756005
506990341
508040073
508708887
509259587
509613029
510063211
510924463
510943865
510958964
511962535
512992554
513229726
513789513
516837552
517070542
519395727
519907042
520371411
520576775
521188675
521225320
521627498
522623617
525760708
525763385
526885682
527347841
528185253
528364771
530069149
530768714
531247179
531368784
531978049
532652481
532744275
533184727
533227720
533983724
534789398
535337123
535475643
535538311
535796518
536842860
537340999
539775951
540118938
540497837
540727119
540773229
542296672
544844247
545294993
547791504
548470803
548508561
549559632
549956670
550176877
550181702
550918230
551506000
551964683
552627677
552883133
553130022
555834088
556118382
557057776
559272064
562360293
562774880
563655048
565139329
565957525
567124733
567953332
568722550
568899840
570138953
570216219
571336261
572398587
575264936
576356965
577265411
579407128
580228041
580454559
580556794
581307970
582644903
583321162
583743817
583927929
584627450
585078312
585081410
585856736
587526783
588095753
588333297
592064893
592085367
592542680
597326493
597625446
601078285
601462714
601956917
602619734
605749776
605779319
605859220
605878918
606910527
609619653
609627437
612438157
613893483
613900293
615654541
616291707
619477367
619650096
620309886
620441456
620634291
621798386
623975967
626525280
626795784
627882270
628932834
629016861
629846888
630251058
631576625
632129532
632471426
632617899
634104431
634149446
635627496
635806908
636220661
637208550
637359435
637656822
638960511
639241892
641526268
643953587
644295813
644307833
646364248
647097836
647315199
647706645
649084909
649344455
652516307
654410947
655592423
663407789
663702840
663838378
664801628
664985018
666459553
667210818
667297838
667517533
668271807
668605591
670715302
672277483
673978291
674198386
674291277
674310358
676292346
676918357
678355245
678415662
679317160
682187629
682417580
682731633
684045853
687994686
688062551
690055182
690201710
693655870
694546985
696584397
698274902
698382555
699486236
700151154
700245309
703121249
706272915
707408918
709380533
709523687
709685861
710165484
710225771
710893464
711034694
715256083
715934124
717323918
717567345
718022617
718056942
719030965
719299211
721699213
726732391
727350932
727488712
729359989
731367883
731725342
731872585
731936892
732015220
732341969
733143828
733421655
734358979
734375222
735041148
736037159
736162616
738214227
739420763
739970876
740970866
742072621
742454422
742647549
743106412
743542196
743549737
744042032
744175593
744327552
746223619
747840605
748405503
748868505
749743516
750896656
754606672
759768064
760849351
760898747
760985945
762234703
763686423
764463317
766222131
766948473
769648579
773591953
774517852
775333834
776754969
776997210
780443871
782299663
782640889
782799584
782901845
783340718
785517065
786652475
786663751
786908847
787419505
788358705
788668365
788987785
789113142
789688305
789739842
791996174
792377693
793931616
794237763
796923744
797047481
798217208
799914199
800514265
802157875
802264566
802863133
804022644
804993680
806249444
807300717
807693791
808501908
809476051
812209006
813155872
813508137
813952799
816988416
817253127
821738508
823137180
824133994
826531443
826981771
827691407
828761800
829557971
830047779
830189268
830725303
833251149
835174035
835643942
837318575
837412810
839078162
841048442
841388411
841540117
841916717
843724919
846489322
846820813
847071440
847278813
848724152
849201760
849451400
849552990
849670811
849770419
851079982
852235360
852298352
852715711
852916857
853233617
853567236
854243104
854876395
856072545
856222701
856551377
857733161
857931487
858348195
858647441
858677798
859176918
863244696
865650059
866382610
867522141
868139984
870125838
870339071
871532243
872032027
873957516
874515503
874865789
875860686
877071484
877469600
879197716
879390544
880135948
880886034
881348181
881657360
882780666
885287097
887596764
889055238
889764648
890116865
891990772
892454006
892530699
892826451
893417935
893841515
894070575
894626379
895986656
896241793
900713654
901967893
903534853
904479487
905481789
906209260
907718274
907976868
910171380
910231442
911496559
912950323
913820043
914361440
916220256
917420884
918483671
919441267
921193835
921335871
922360825
922705157
922831737
922919512
923193842
923767850
924589964
924892331
924914713
925964630
926458156
926611287
927760283
928256923
928380901
930488692
930585605
930800465
931625979
932494116
935460698
937713512
941054974
941434749
941922399
943449089
946194744
946834458
948395426
949347983
949844904
950808483
952010775
952455413
953170596
954304070
954351402
954928720
957810303
959426051
960246335
961900912
964378596
964984769
967251275
967458859
967682111
968568705
970881189
972942400
973113866
973284022
973645406
973791112
973890068
974025375
976666023
977238333
978050505
978382548
978980837
979613955
980395677
981903373
982327285
983174322
986159938
986628368
988564942
991134921
991914981
994748221
997205864
998863181
999473103
