30000
1000
28
44
246
251
287
374
442
485
517
871
892
896
1020
1144
1186
1363
1392
1468
1525
1588
1607
1628
1905
1907
1954
1989
2258
2315
2605
2617
2953
2967
3045
3155
3198
3219
3351
3357
3630
3960
3996
4030
4125
4487
4518
4542
4613
4680
4701
4783
4790
4892
4957
5217
5243
5432
5520
5537
5557
5713
5800
5824
5835
6004
6048
6155
6254
6367
6537
6544
6659
6682
6812
6835
6874
6894
6969
6981
7086
7183
7370
7370
7424
7634
7821
7879
8093
8147
8446
8466
8480
8581
8616
8618
8666
8702
8705
8779
8905
9030
9040
9092
9298
9690
9735
9921
10024
10216
10274
10370
10383
10537
10628
10739
10753
10981
11240
11301
11324
11385
11453
11669
11741
11790
11884
12057
12076
12159
12207
12264
12347
12359
12402
12411
12487
12866
12972
12989
12999
13120
13126
13248
13279
13311
13406
13470
13473
13545
13594
13714
13768
13843
13919
13925
14104
14213
14337
14479
14556
14730
14749
15038
15281
15712
15761
15882
15994
16064
16082
16766
16789
16872
16957
16964
17216
17254
17279
17364
17409
17446
17456
17526
17590
17593
17759
17953
18193
18406
18606
18655
18656
18705
18951
19309
19536
19663
19829
20091
20123
20183
20285
20289
20298
20303
20343
20440
20503
20553
20647
20852
21006
21028
21221
21268
21282
21419
21461
21690
21801
21817
21913
21974
21979
22073
22075
22416
22516
22526
22539
22672
22776
22809
22823
22881
23038
23251
23323
23457
24041
24222
24234
24293
24360
24448
24540
24545
24575
24586
24667
24709
24758
24831
24873
24966
25005
25144
25203
25277
25295
25522
25930
26088
26211
26238
26296
26381
26569
26629
26702
26804
26825
26827
26994
27014
27099
27131
27261
27407
27500
27527
27601
27632
27937
28114
28228
28339
28388
28475
28598
28731
28733
28864
28961
28968
29010
29024
29204
29234
29246
29421
29487
29541
29656
29669
29791
29905
30272
30386
30519
30680
30803
30807
30887
30989
31040
31070
31257
31542
31644
31680
31769
31773
31849
31883
31892
31977
32011
32071
32227
32232
32292
32305
32321
32427
32477
32693
32694
32893
33086
33235
33247
33384
33637
33695
33767
33786
33788
34310
34326
34335
34424
34466
34494
34554
34688
34722
34722
34853
34864
35092
35118
35199
35262
35326
35460
35516
35628
35673
35886
35903
36042
36098
36123
36145
36284
36317
36347
36562
36642
36679
36726
36745
36779
36797
36970
37035
37123
37159
37201
37249
37552
37604
37768
37837
37920
37925
38219
38312
38391
38404
38526
38590
38632
38656
38839
38873
38935
38977
39152
39306
39679
39704
39821
39851
40021
40092
40196
40321
40359
40445
40721
40747
40863
40910
40939
41315
41418
41486
41684
41781
41801
41819
41962
42032
42100
42114
42274
42392
42622
42867
42874
42928
43100
43290
43501
43518
43540
43640
43684
43906
44033
44142
44171
44418
44433
44462
44678
44701
44797
44828
45035
45062
45128
45215
45343
45447
45469
45520
45859
46072
46080
46110
46132
46135
46216
46289
46300
46304
46362
46416
46501
46539
46642
46793
46957
47011
47026
47031
47163
47239
47476
47541
47599
47604
47774
48173
48260
48365
48508
48523
48642
48905
49077
49159
49210
49505
49515
49542
49579
49740
49744
49758
49761
49963
49965
50003
50050
50141
50326
50440
50549
50552
50574
50584
50597
50618
50687
50773
50817
50837
50863
51161
51236
51369
51784
52002
52011
52044
52064
52213
52237
52288
52289
52308
52635
52846
52905
52949
53114
53308
53320
53370
53372
53423
53524
53595
53615
53672
53706
53810
53820
53952
54222
54310
54491
54604
54658
54699
54831
54864
54871
54885
54959
55146
55228
55633
55641
55803
55829
55844
56031
56300
56717
56843
56922
56930
56938
56974
57016
57112
57184
57206
57281
57356
57475
57726
57749
57884
57990
58034
58194
58208
58379
58586
58815
58827
58917
59198
59215
59327
59553
59712
59820
59870
60029
60053
60110
60289
60307
60384
60435
60535
60543
60620
60685
60893
60959
61082
61270
61386
61401
61523
61561
61590
61602
61647
61682
61905
61980
62045
62083
62446
62540
62662
62670
63003
63087
63216
63236
63388
63389
63464
63527
63586
63596
63751
63872
63902
64043
64100
64129
64136
64183
64410
64467
64562
64810
65129
65165
65388
65543
65563
65563
65854
65961
65993
66114
66123
66176
66400
66502
66684
66724
66735
66909
66914
66958
66975
66994
67114
67128
67146
67147
67250
67352
67477
67965
68153
68319
68465
68734
68806
68815
68883
68958
69018
69136
69167
69214
69258
69293
69311
69402
69513
69606
69885
70278
70361
70486
70563
70616
70674
70721
70841
71022
71195
71212
71262
71356
71373
71550
71686
71719
71757
71955
72199
72239
72310
72516
72558
72747
73005
73083
73219
73261
73498
73571
73590
73830
74079
74344
74346
74551
74730
74786
75083
75094
75106
75151
75374
75475
75546
75620
75678
75734
75743
75903
76024
76298
76475
76477
76564
76802
76829
76863
77023
77384
77446
77532
77646
77850
78020
78121
78158
78200
78204
78215
78441
78583
78701
78848
79415
79431
79447
79477
79677
79680
79691
79732
79905
79914
80057
80062
80077
80125
80201
80331
80338
80410
80455
80493
80613
80667
80755
80867
80914
81340
81441
81492
81548
81559
81725
81938
81954
82032
82132
82211
82272
82597
82617
82784
82935
82945
83058
83115
83345
83367
83645
83718
84001
84105
84105
84203
84453
84457
84475
84511
84548
84584
84623
84664
84702
84900
84967
85181
85216
85383
85443
85557
85799
85947
86102
86267
86532
86630
86680
86731
86963
86979
87102
87174
87412
87415
87431
87526
87654
87775
87920
87932
87945
87953
88064
88187
88274
88283
88312
88533
88680
88860
88994
89043
89476
89508
89563
89991
89999
90185
90238
90283
90337
90508
90530
90558
90560
90570
90722
90747
90821
90972
91005
91059
91141
91177
91193
91195
91296
91402
91461
91466
91532
91573
91574
91584
91593
91653
91677
91904
92372
92436
92611
92664
92744
92783
92886
92937
93140
93309
93334
93514
93527
93560
93751
93848
93859
93942
93989
94037
94040
94088
94318
94396
94696
94868
95002
95203
95284
95355
95373
95518
95677
95728
95784
95834
96140
96448
96484
96581
96890
96920
96974
97196
97278
97331
97379
97421
97429
97446
97451
98155
98187
98332
98334
98364
98392
98410
98439
98607
98617
98649
98878
98939
98949
99286
99318
99393
99668
99672
99786
99796
99844
