15
100
3240
91783
70839
38712
40148
73417
73213
96590
57837
23858
51701
20732
35883
86542
44204
30213
40637
16924
33110
39881
27103
76856
28707
4818
51668
41595
31787
9270
10258
20977
6105
71412
14112
72514
87369
44669
40948
97215
33665
68314
50745
4861
35647
18290
96545
52417
13244
21331
13141
99152
42264
72647
8869
50010
15023
11444
63738
99979
65274
36915
80262
89669
32989
9608
81139
30619
4271
56871
36254
2330
50237
98027
80639
82067
44089
71789
87484
38629
26470
98795
26554
11031
38952
10651
18063
78550
9314
46740
57361
19767
43824
46791
87586
61061
44994
67625
71688
53605
24114
29454
